41.3852380952381 105.161904761905
2.51523809523809 93.6719047619048
-49.6947619047619 51.1819047619048
-97.9147619047619 29.0119047619048
-138.524761904762 20.0419047619048
-23.0247619047619 -23.5580952380952
-30.9247619047619 -86.2480952380952
-32.7947619047619 -130.038095238095
-32.0447619047619 -165.518095238095
13.0552380952381 -31.0580952380952
-19.1547619047619 -41.4180952380952
-17.3447619047619 15.5519047619048
-6.09476190476187 45.0019047619048
50.5052380952381 -24.3580952380952
22.8552380952381 -17.5280952380952
21.4652380952381 33.4019047619048
27.3152380952381 50.8119047619048
86.6052380952381 -9.68809523809523
65.2852380952381 1.64190476190481
57.6852380952381 37.3519047619048
58.8452380952381 46.5819047619048
