64.5580952380952 125.359047619048
0.408095238095257 128.259047619048
-76.3119047619047 90.8390476190476
-136.971904761905 62.6890476190476
-189.401904761905 50.7890476190476
-47.4919047619047 -15.7909523809524
-65.2119047619047 -90.8209523809524
-73.4119047619047 -141.170952380952
-80.0719047619046 -184.180952380952
-1.04190476190468 -23.4809523809524
1.54809523809536 -48.0409523809524
18.0280952380953 23.0390476190476
17.2380952380953 47.1390476190476
47.4680952380953 -22.6709523809524
48.5380952380953 -40.4309523809524
58.2780952380953 22.2990476190476
52.4980952380953 40.0590476190476
93.2080952380953 -15.1609523809524
90.3780952380954 -41.0209523809524
92.1780952380954 6.7390476190476
85.5880952380952 25.5590476190476
