42.2976190476189 67.2823809523809
5.11761904761897 70.4123809523809
-34.142380952381 60.3823809523809
-67.402380952381 59.7223809523809
-95.362380952381 67.702380952381
-30.482380952381 -8.53761904761905
-47.582380952381 -48.5476190476191
-57.682380952381 -75.1476190476191
-65.182380952381 -98.3976190476191
-2.47238095238106 -17.9076190476191
-3.57238095238108 -36.5776190476191
5.44761904761901 -1.89761904761906
5.61761904761897 7.59238095238095
27.457619047619 -19.1676190476191
30.557619047619 -27.2676190476191
34.1576190476189 5.73238095238094
29.587619047619 13.0323809523809
55.5476190476189 -14.1576190476191
59.5476190476189 -21.847619047619
57.687619047619 4.07238095238094
50.857619047619 13.5223809523809
