-95.1363636363636 3.90909090909093
-73.1363636363636 4.90909090909093
22.8636363636364 8.90909090909093
69.8636363636364 31.9090909090909
37.8636363636364 4.90909090909093
18.8636363636364 -24.0909090909091
60.8636363636364 -29.0909090909091
90.8636363636364 -36.0909090909091
115.863636363636 -30.0909090909091
-6.13636363636363 -38.0909090909091
19.8636363636364 7.90909090909093
16.8636363636364 15.9090909090909
-4.13636363636363 17.9090909090909
-26.1363636363636 -31.0909090909091
-3.13636363636363 17.9090909090909
-23.1363636363636 17.9090909090909
-32.1363636363636 8.90909090909093
-55.1363636363636 -15.0909090909091
-25.1363636363636 14.9090909090909
-40.1363636363636 17.9090909090909
-46.1363636363636 9.90909090909093
