-96.7272727272727 -0.454545454545439
-71.7272727272727 -1.45454545454544
18.2727272727273 6.54545454545456
71.2727272727273 29.5454545454546
40.2727272727273 10.5454545454546
12.2727272727273 -23.4545454545454
61.2727272727273 -22.4545454545454
88.2727272727273 -37.4545454545454
120.272727272727 -25.4545454545454
-2.72727272727275 -26.4545454545454
27.2727272727273 16.5454545454546
8.27272727272725 17.5454545454546
-5.72727272727275 9.54545454545456
-22.7272727272727 -30.4545454545454
-6.72727272727275 13.5454545454546
-20.7272727272727 18.5454545454546
-24.7272727272727 9.54545454545456
-42.7272727272727 -23.4545454545454
-32.7272727272727 14.5454545454546
-44.7272727272727 20.5454545454546
-45.7272727272727 6.54545454545456
