-34.4545454545455 75.3636363636364
10.5454545454545 70.3636363636364
44.5454545454545 60.3636363636364
49.5454545454545 47.3636363636364
42.5454545454545 36.3636363636364
20.5454545454545 -1.63636363636363
29.5454545454545 -30.6363636363636
43.5454545454545 -49.6363636363636
66.5454545454545 -69.6363636363636
-8.45454545454547 -0.636363636363626
-0.454545454545467 -50.6363636363636
8.54545454545453 -73.6363636363636
17.5454545454545 -111.636363636364
-27.4545454545455 0.363636363636374
-32.4545454545455 -25.6363636363636
-6.45454545454547 -2.63636363636363
-7.45454545454547 28.3636363636364
-52.4545454545455 15.3636363636364
-49.4545454545455 0.363636363636374
-37.4545454545455 22.3636363636364
-33.4545454545455 45.3636363636364
