-25.8181818181818 77.0454545454546
13.1818181818182 77.0454545454546
37.1818181818182 62.0454545454546
45.1818181818182 49.0454545454546
43.1818181818182 33.0454545454546
16.1818181818182 -1.95454545454544
38.1818181818182 -37.9545454545454
47.1818181818182 -51.9545454545454
59.1818181818182 -69.9545454545454
-6.81818181818181 -6.95454545454544
-10.8181818181818 -55.9545454545454
3.18181818181819 -80.9545454545454
18.1818181818182 -99.9545454545454
-27.8181818181818 15.0454545454546
-24.8181818181818 -26.9545454545454
-6.81818181818181 -2.95454545454544
-4.81818181818181 32.0454545454546
-54.8181818181818 25.0454545454546
-48.8181818181818 -7.95454545454544
-35.8181818181818 21.0454545454546
-35.8181818181818 36.0454545454546
