-29.3181818181818 87.9545454545454
10.6818181818182 69.9545454545454
44.6818181818182 61.9545454545454
52.6818181818182 45.9545454545454
48.6818181818182 34.9545454545454
22.6818181818182 -7.04545454545456
36.6818181818182 -42.0454545454546
41.6818181818182 -63.0454545454546
61.6818181818182 -61.0454545454546
-2.31818181818181 -5.04545454545456
-13.3181818181818 -59.0454545454546
2.68181818181819 -72.0454545454546
4.68181818181819 -103.045454545455
-33.3181818181818 8.95454545454544
-27.3181818181818 -20.0454545454546
-7.31818181818181 -3.04545454545456
-6.31818181818181 32.9545454545454
-58.3181818181818 14.9545454545454
-43.3181818181818 2.95454545454544
-47.3181818181818 21.9545454545454
-25.3181818181818 33.9545454545454
