-52.1818181818182 110.363636363636 0
204.818181818182 28.3636363636364 0
228.818181818182 27.3636363636364 0
-21.1818181818182 73.3636363636364 0
221.818181818182 78.3636363636364 0
-11.1818181818182 43.3636363636364 0
-0.181818181818187 11.3636363636364 0
13.8181818181818 3.36363636363637 0
30.8181818181818 -10.6363636363636 0
-40.1818181818182 27.3636363636364 0
-18.1818181818182 -25.6363636363636 0
1.81818181818181 -45.6363636363636 0
7.81818181818181 -70.6363636363636 0
-62.1818181818182 15.3636363636364 0
-50.1818181818182 -14.6363636363636 0
-50.1818181818182 -48.6363636363636 0
-37.1818181818182 -76.6363636363636 0
-67.1818181818182 15.3636363636364 0
-70.1818181818182 -13.6363636363636 0
-83.1818181818182 -27.6363636363636 0
-85.1818181818182 -56.6363636363636 0
-61.1818181818182 -43.6363636363636 0
