12.0454545454545 94.9090909090909 0
19.0454545454545 59.9090909090909 0
36.0454545454545 47.9090909090909 0
23.0454545454545 34.9090909090909 0
67.0454545454545 20.9090909090909 0
-7.95454545454547 28.9090909090909 0
17.0454545454545 9.90909090909091 0
31.0454545454545 -5.09090909090909 0
35.0454545454545 -22.0909090909091 0
-19.9545454545455 25.9090909090909 0
-4.95454545454547 -20.0909090909091 0
10.0454545454545 -46.0909090909091 0
10.0454545454545 -48.0909090909091 0
-28.9545454545455 24.9090909090909 0
-21.9545454545455 -20.0909090909091 0
-12.9545454545455 -52.0909090909091 0
-13.9545454545455 -48.0909090909091 0
-36.9545454545455 28.9090909090909 0
-35.9545454545455 -1.09090909090909 0
-24.9545454545455 -26.0909090909091 0
-29.9545454545455 -53.0909090909091 0
-21.9545454545455 -35.0909090909091 0
