-39.9090909090909 117.454545454545 0
203.090909090909 20.4545454545455 0
234.090909090909 26.4545454545455 0
-30.9090909090909 71.4545454545455 0
222.090909090909 67.4545454545455 0
-9.90909090909091 40.4545454545455 0
2.09090909090909 12.4545454545455 0
17.0909090909091 1.45454545454547 0
25.0909090909091 -7.54545454545453 0
-29.9090909090909 36.4545454545455 0
-25.9090909090909 -20.5454545454545 0
2.09090909090909 -38.5454545454545 0
13.0909090909091 -77.5454545454545 0
-59.9090909090909 17.4545454545455 0
-56.9090909090909 -22.5454545454545 0
-59.9090909090909 -41.5454545454545 0
-27.9090909090909 -79.5454545454545 0
-69.9090909090909 4.45454545454547 0
-72.9090909090909 -12.5454545454545 0
-86.9090909090909 -25.5454545454545 0
-84.9090909090909 -48.5454545454545 0
-62.9090909090909 -41.5454545454545 0
