-44.2272727272727 118.227272727273 0
198.772727272727 17.2272727272727 0
228.772727272727 26.2272727272727 0
-27.2272727272727 75.2272727272727 0
227.772727272727 68.2272727272727 0
-9.22727272727272 47.2272727272727 0
11.7727272727273 5.22727272727272 0
20.7727272727273 -4.77272727272728 0
24.7727272727273 -8.77272727272728 0
-43.2272727272727 26.2272727272727 0
-28.2272727272727 -20.7727272727273 0
-8.22727272727272 -35.7727272727273 0
7.77272727272728 -77.7727272727273 0
-54.2272727272727 18.2272727272727 0
-57.2272727272727 -19.7727272727273 0
-55.2272727272727 -40.7727272727273 0
-31.2272727272727 -76.7727272727273 0
-66.2272727272727 6.22727272727272 0
-70.2272727272727 -5.77272727272728 0
-88.2272727272727 -24.7727272727273 0
-86.2272727272727 -52.7727272727273 0
-51.2272727272727 -39.7727272727273 0
