-50.3181818181818 109 0
201.681818181818 29 0
233.681818181818 18 0
-23.3181818181818 76 0
219.681818181818 78 0
-21.3181818181818 35 0
4.68181818181819 8 0
22.6818181818182 -1 0
33.6818181818182 -14 0
-29.3181818181818 26 0
-28.3181818181818 -18 0
-8.31818181818181 -41 0
9.68181818181819 -72 0
-60.3181818181818 29 0
-57.3181818181818 -21 0
-53.3181818181818 -44 0
-35.3181818181818 -72 0
-64.3181818181818 7 0
-75.3181818181818 -10 0
-81.3181818181818 -28 0
-80.3181818181818 -46 0
-57.3181818181818 -48 0
