-45.0454545454545 115 0
201.954545454545 21 0
232.954545454545 21 0
-24.0454545454545 73 0
222.954545454545 73 0
-14.0454545454545 42 0
6.95454545454547 11 0
16.9545454545455 0 0
26.9545454545455 -11 0
-35.0454545454545 31 0
-24.0454545454545 -21 0
-4.04545454545453 -42 0
6.95454545454547 -73 0
-55.0454545454545 21 0
-56.0454545454545 -21 0
-55.0454545454545 -42 0
-35.0454545454545 -73 0
-65.0454545454545 11 0
-76.0454545454545 -11 0
-86.0454545454545 -31 0
-86.0454545454545 -52 0
-55.0454545454545 -42 0
