-49.8181818181818 107.318181818182 0
200.181818181818 15.3181818181818 0
233.181818181818 25.3181818181818 0
-25.8181818181818 73.3181818181818 0
218.181818181818 76.3181818181818 0
-17.8181818181818 42.3181818181818 0
2.18181818181819 5.31818181818181 0
19.1818181818182 5.31818181818181 0
25.1818181818182 -13.6818181818182 0
-28.8181818181818 25.3181818181818 0
-19.8181818181818 -18.6818181818182 0
-3.81818181818181 -46.6818181818182 0
3.18181818181819 -66.6818181818182 0
-48.8181818181818 22.3181818181818 0
-51.8181818181818 -14.6818181818182 0
-59.8181818181818 -36.6818181818182 0
-27.8181818181818 -73.6818181818182 0
-70.8181818181818 4.31818181818181 0
-70.8181818181818 -6.68181818181819 0
-88.8181818181818 -30.6818181818182 0
-81.8181818181818 -53.6818181818182 0
-54.8181818181818 -40.6818181818182 0
