-35.3181818181818 110.5
-14.3181818181818 89.5
5.68181818181819 68.5
15.6818181818182 47.5
37.6818181818182 37.5
-14.3181818181818 17.5
26.6818181818182 6.5
36.6818181818182 16.5
47.6818181818182 37.5
-14.3181818181818 16.5
-4.31818181818181 -24.5
16.6818181818182 -45.5
47.6818181818182 -56.5
-25.3181818181818 6.5
-14.3181818181818 -25.5
-14.3181818181818 -56.5
-4.31818181818181 -77.5
-34.3181818181818 16.5
-25.3181818181818 -14.5
-15.3181818181818 -46.5
-4.31818181818181 -77.5
-14.3181818181818 -46.5
