-47.8636363636364 110.045454545455 0
205.136363636364 20.0454545454545 0
232.136363636364 25.0454545454545 0
-28.8636363636364 79.0454545454545 0
216.136363636364 71.0454545454545 0
-14.8636363636364 44.0454545454545 0
10.1363636363636 13.0454545454545 0
22.1363636363636 1.04545454545453 0
26.1363636363636 -16.9545454545455 0
-29.8636363636364 34.0454545454545 0
-21.8636363636364 -16.9545454545455 0
-6.86363636363637 -44.9545454545455 0
9.13636363636363 -66.9545454545455 0
-48.8636363636364 19.0454545454545 0
-59.8636363636364 -26.9545454545455 0
-58.8636363636364 -46.9545454545455 0
-28.8636363636364 -77.9545454545455 0
-71.8636363636364 16.0454545454545 0
-71.8636363636364 -9.95454545454547 0
-88.8636363636364 -32.9545454545455 0
-91.8636363636364 -49.9545454545455 0
-49.8636363636364 -41.9545454545455 0
