-46.4545454545455 118.636363636364 0
196.545454545455 17.6363636363636 0
230.545454545455 18.6363636363636 0
-22.4545454545455 70.6363636363636 0
228.545454545455 66.6363636363636 0
-7.45454545454547 45.6363636363636 0
0.545454545454533 14.6363636363636 0
12.5454545454545 -2.36363636363637 0
30.5454545454545 -9.36363636363637 0
-39.4545454545455 26.6363636363636 0
-31.4545454545455 -20.3636363636364 0
-11.4545454545455 -45.3636363636364 0
6.54545454545453 -67.3636363636364 0
-52.4545454545455 15.6363636363636 0
-62.4545454545455 -23.3636363636364 0
-49.4545454545455 -44.3636363636364 0
-35.4545454545455 -66.3636363636364 0
-58.4545454545455 13.6363636363636 0
-72.4545454545455 -6.36363636363637 0
-81.4545454545455 -26.3636363636364 0
-83.4545454545455 -58.3636363636364 0
-51.4545454545455 -38.3636363636364 0
