-44.2727272727273 117.590909090909 0
204.727272727273 25.5909090909091 0
239.727272727273 16.5909090909091 0
-28.2727272727273 67.5909090909091 0
224.727272727273 72.5909090909091 0
-12.2727272727273 41.5909090909091 0
3.72727272727272 17.5909090909091 0
12.7272727272727 5.59090909090909 0
28.7272727272727 -13.4090909090909 0
-38.2727272727273 37.5909090909091 0
-23.2727272727273 -18.4090909090909 0
-0.27272727272728 -46.4090909090909 0
0.72727272727272 -76.4090909090909 0
-53.2727272727273 18.5909090909091 0
-63.2727272727273 -26.4090909090909 0
-49.2727272727273 -36.4090909090909 0
-28.2727272727273 -79.4090909090909 0
-64.2727272727273 13.5909090909091 0
-78.2727272727273 -9.40909090909091 0
-90.2727272727273 -34.4090909090909 0
-83.2727272727273 -46.4090909090909 0
-58.2727272727273 -47.4090909090909 0
