-28.6363636363636 79.3181818181818
2.36363636363637 58.3181818181818
33.3636363636364 47.3181818181818
43.3636363636364 6.31818181818181
22.3636363636364 -14.6818181818182
32.3636363636364 -14.6818181818182
32.3636363636364 -56.6818181818182
33.3636363636364 -87.6818181818182
43.3636363636364 -128.681818181818
11.3636363636364 -14.6818181818182
12.3636363636364 -24.6818181818182
12.3636363636364 16.3181818181818
11.3636363636364 47.3181818181818
-18.6363636363636 -14.6818181818182
-18.6363636363636 -14.6818181818182
-8.63636363636363 26.3181818181818
-8.63636363636363 48.3181818181818
-39.6363636363636 -3.68181818181819
-49.6363636363636 -4.68181818181819
-39.6363636363636 16.3181818181818
-38.6363636363636 27.3181818181818
