-81.2727272727273 59.8181818181818
-51.2727272727273 27.8181818181818
-29.2727272727273 -14.1818181818182
10.7272727272727 -14.1818181818182
42.7272727272727 -3.18181818181819
-30.2727272727273 -35.1818181818182
10.7272727272727 -66.1818181818182
31.7272727272727 -97.1818181818182
62.7272727272727 -118.181818181818
-30.2727272727273 -24.1818181818182
31.7272727272727 -13.1818181818182
21.7272727272727 6.81818181818181
0.727272727272748 6.81818181818181
-30.2727272727273 6.81818181818181
31.7272727272727 17.8181818181818
11.7272727272727 27.8181818181818
-9.27272727272725 27.8181818181818
-19.2727272727273 28.8181818181818
11.7272727272727 38.8181818181818
10.7272727272727 48.8181818181818
-9.27272727272725 48.8181818181818
