175.772727272727 99.6818181818182
-104.227272727273 36.6818181818182
-51.2272727272727 67.6818181818182
-0.227272727272748 -119.318181818182
-186.227272727273 25.6818181818182
71.7727272727273 -57.3181818181818
-52.2272727272727 -16.3181818181818
-21.2272727272727 -15.3181818181818
-196.227272727273 25.6818181818182
71.7727272727273 5.68181818181819
-21.2272727272727 -15.3181818181818
-11.2272727272727 -57.3181818181818
19.7727272727273 -36.3181818181818
71.7727272727273 15.6818181818182
30.7727272727273 4.68181818181819
10.7727272727273 -5.31818181818181
19.7727272727273 -26.3181818181818
71.7727272727273 25.6818181818182
50.7727272727273 36.6818181818182
9.77272727272725 57.6818181818182
19.7727272727273 -26.3181818181818
