-40.9545454545455 47.2272727272727
1.04545454545453 16.2272727272727
31.0454545454545 5.22727272727275
52.0454545454545 -15.7727272727273
93.0454545454545 -15.7727272727273
-29.9545454545455 -47.7727272727273
32.0454545454545 -25.7727272727273
31.0454545454545 -150.772727272727
52.0454545454545 -161.772727272727
-50.9545454545455 -36.7727272727273
11.0454545454545 5.22727272727275
31.0454545454545 16.2272727272727
21.0454545454545 15.2272727272727
-61.9545454545455 -4.77272727272725
-19.9545454545455 36.2272727272727
1.04545454545453 36.2272727272727
0.0454545454545325 26.2272727272727
-71.9545454545455 26.2272727272727
-40.9545454545455 67.2272727272727
-9.95454545454547 57.2272727272727
-19.9545454545455 47.2272727272727
