46.6818181818182 -85.5909090909091
-4.31818181818181 18.4090909090909
-14.3181818181818 8.40909090909091
-14.3181818181818 -54.5909090909091
-24.3181818181818 -2.59090909090909
-4.31818181818181 18.4090909090909
-24.3181818181818 -1.59090909090909
-35.3181818181818 -13.5909090909091
-45.3181818181818 -44.5909090909091
5.68181818181819 39.4090909090909
6.68181818181819 18.4090909090909
-25.3181818181818 -22.5909090909091
-35.3181818181818 -44.5909090909091
36.6818181818182 60.4090909090909
57.6818181818182 60.4090909090909
5.68181818181819 49.4090909090909
-45.3181818181818 -44.5909090909091
68.6818181818182 29.4090909090909
67.6818181818182 60.4090909090909
67.6818181818182 60.4090909090909
-45.3181818181818 -54.5909090909091
