105.409090909091 -148.545454545455
75.4090909090909 -13.5454545454545
85.4090909090909 7.45454545454547
95.4090909090909 -2.54545454545453
126.409090909091 -13.5454545454545
85.4090909090909 -12.5454545454545
12.4090909090909 17.4545454545455
96.4090909090909 -34.5454545454545
-69.5909090909091 -2.54545454545453
116.409090909091 -34.5454545454545
-59.5909090909091 17.4545454545455
-69.5909090909091 8.45454545454547
96.4090909090909 -65.5454545454545
-69.5909090909091 49.4545454545455
-99.5909090909091 -2.54545454545453
-100.590909090909 -13.5454545454545
-69.5909090909091 70.4545454545455
-27.5909090909091 80.4545454545455
-27.5909090909091 70.4545454545455
-100.590909090909 7.45454545454547
-100.590909090909 7.45454545454547
