197.181818181818 -113.863636363636
238.181818181818 -82.8636363636364
-60.8181818181818 21.1363636363636
-39.8181818181818 -19.8636363636364
-39.8181818181818 -40.8636363636364
-60.8181818181818 11.1363636363636
-39.8181818181818 -9.86363636363637
-8.81818181818181 -19.8636363636364
12.1818181818182 -29.8636363636364
-60.8181818181818 22.1363636363636
-28.8181818181818 11.1363636363636
11.1818181818182 -8.86363636363637
32.1818181818182 -19.8636363636364
-60.8181818181818 32.1363636363636
-19.8181818181818 22.1363636363636
2.18181818181819 12.1363636363636
32.1818181818182 1.13636363636363
-59.8181818181818 42.1363636363636
-29.8181818181818 53.1363636363636
-8.81818181818181 43.1363636363636
12.1818181818182 32.1363636363636
