-79.9545454545455 76.3181818181818
-48.9545454545455 4.31818181818181
-7.95454545454547 -47.6818181818182
-38.9545454545455 -79.6818181818182
-58.9545454545455 -131.681818181818
-79.9545454545455 -38.6818181818182
2.04545454545453 -48.6818181818182
54.0454545454545 -38.6818181818182
95.0454545454545 -37.6818181818182
-89.9545454545455 -6.68181818181819
2.04545454545453 -17.6818181818182
54.0454545454545 -6.68181818181819
105.045454545455 3.31818181818181
-80.9545454545455 24.3181818181818
-7.95454545454547 24.3181818181818
54.0454545454545 24.3181818181818
95.0454545454545 25.3181818181818
-69.9545454545455 56.3181818181818
-7.95454545454547 56.3181818181818
23.0454545454545 56.3181818181818
64.0454545454545 46.3181818181818
