-244.272727272727 118.409090909091
-213.272727272727 23.4090909090909
-182.272727272727 -69.5909090909091
-167.272727272727 -163.590909090909
-182.272727272727 -226.590909090909
-104.272727272727 -38.5909090909091
20.7272727272727 -54.5909090909091
98.7272727272727 -69.5909090909091
145.727272727273 -69.5909090909091
-73.2727272727273 24.4090909090909
51.7272727272727 -7.59090909090907
129.727272727273 -22.5909090909091
176.727272727273 -22.5909090909091
-57.2727272727273 71.4090909090909
51.7272727272727 40.4090909090909
113.727272727273 24.4090909090909
161.727272727273 8.40909090909093
-57.2727272727273 118.409090909091
35.7272727272727 87.4090909090909
82.7272727272727 86.4090909090909
129.727272727273 55.4090909090909
