-139.772727272727 51.4090909090909
-118.772727272727 9.40909090909093
-87.7727272727273 -21.5909090909091
-66.7727272727273 -52.5909090909091
-46.7727272727273 -94.5909090909091
-46.7727272727273 -21.5909090909091
5.22727272727275 -31.5909090909091
45.2272727272727 -31.5909090909091
77.2272727272727 -31.5909090909091
-36.7727272727273 -0.590909090909065
25.2272727272727 -10.5909090909091
56.2272727272727 -10.5909090909091
97.2272727272727 -10.5909090909091
-36.7727272727273 20.4090909090909
15.2272727272727 19.4090909090909
56.2272727272727 10.4090909090909
87.2272727272727 10.4090909090909
-36.7727272727273 41.4090909090909
14.2272727272727 41.4090909090909
36.2272727272727 41.4090909090909
66.2272727272727 31.4090909090909
