-117.636363636364 46.2727272727273
-106.636363636364 5.27272727272725
-85.6363636363636 -26.7272727272727
-65.6363636363636 -67.7272727272727
-55.6363636363636 -99.7272727272727
-44.6363636363636 -26.7272727272727
7.36363636363637 -36.7272727272727
38.3636363636364 -36.7272727272727
69.3636363636364 -26.7272727272727
-33.6363636363636 -5.72727272727275
27.3636363636364 -5.72727272727275
58.3636363636364 -5.72727272727275
89.3636363636364 4.27272727272725
-33.6363636363636 25.2727272727273
27.3636363636364 15.2727272727273
58.3636363636364 15.2727272727273
79.3636363636364 15.2727272727273
-33.6363636363636 46.2727272727273
7.36363636363637 46.2727272727273
28.3636363636364 46.2727272727273
58.3636363636364 36.2727272727273
