-147.909090909091 19.6818181818182
-96.9090909090909 -33.3181818181818
-66.9090909090909 -33.3181818181818
-34.9090909090909 -33.3181818181818
58.0909090909091 -33.3181818181818
-86.9090909090909 -43.3181818181818
-13.9090909090909 -44.3181818181818
47.0909090909091 -43.3181818181818
78.0909090909091 -33.3181818181818
-66.9090909090909 -1.31818181818181
6.09090909090907 -2.31818181818181
57.0909090909091 -12.3181818181818
89.0909090909091 -12.3181818181818
-55.9090909090909 29.6818181818182
16.0909090909091 28.6818181818182
48.0909090909091 18.6818181818182
78.0909090909091 8.68181818181819
-45.9090909090909 60.6818181818182
6.09090909090907 50.6818181818182
37.0909090909091 39.6818181818182
58.0909090909091 29.6818181818182
