-122.045454545455 74.1363636363636
-81.0454545454546 11.1363636363636
-40.0454545454546 -134.863636363636
-60.0454545454546 -103.863636363636
-61.0454545454546 -134.863636363636
-81.0454545454546 -40.8636363636364
-8.04545454545456 -60.8636363636364
42.9545454545454 -40.8636363636364
93.9545454545454 -30.8636363636364
-81.0454545454546 1.13636363636363
1.95454545454544 -9.86363636363637
63.9545454545454 1.13636363636363
114.954545454545 1.13636363636363
-71.0454545454546 32.1363636363636
1.95454545454544 32.1363636363636
62.9545454545454 32.1363636363636
114.954545454545 32.1363636363636
-61.0454545454546 74.1363636363636
0.954545454545439 73.1363636363636
41.9545454545454 64.1363636363636
83.9545454545454 64.1363636363636
