216.636363636364 -139.590909090909
-112.363636363636 16.4090909090909
-92.3636363636364 -15.5909090909091
-92.3636363636364 -56.5909090909091
-92.3636363636364 -98.5909090909091
-71.3636363636364 -15.5909090909091
-10.3636363636364 -25.5909090909091
21.6363636363636 -25.5909090909091
51.6363636363636 -15.5909090909091
-61.3636363636364 5.40909090909091
10.6363636363636 -4.59090909090909
41.6363636363636 5.40909090909091
72.6363636363636 5.40909090909091
-51.3636363636364 37.4090909090909
10.6363636363636 26.4090909090909
41.6363636363636 26.4090909090909
72.6363636363636 16.4090909090909
-40.3636363636364 68.4090909090909
0.636363636363626 57.4090909090909
21.6363636363636 47.4090909090909
41.6363636363636 37.4090909090909
