-24.1818181818182 126.227272727273
6.81818181818181 96.2272727272727
36.8181818181818 74.2272727272727
16.8181818181818 33.2272727272727
-4.18181818181819 12.2272727272727
47.8181818181818 12.2272727272727
57.8181818181818 -29.7727272727273
68.8181818181818 -61.7727272727273
78.8181818181818 -102.772727272727
16.8181818181818 12.2272727272727
17.8181818181818 -9.77272727272728
16.8181818181818 1.22727272727272
-4.18181818181819 12.2272727272727
-14.1818181818182 12.2272727272727
-14.1818181818182 -9.77272727272728
-14.1818181818182 1.22727272727272
-3.18181818181819 11.2272727272727
-35.1818181818182 12.2272727272727
-55.1818181818182 -19.7727272727273
-65.1818181818182 -50.7727272727273
-66.1818181818182 -81.7727272727273
