-25.3181818181818 176.363636363636
6.68181818181819 145.363636363636
37.6818181818182 129.363636363636
53.6818181818182 66.3636363636364
37.6818181818182 4.36363636363637
68.6818181818182 35.3636363636364
84.6818181818182 -73.6363636363636
99.6818181818182 -120.636363636364
99.6818181818182 -182.636363636364
21.6818181818182 20.3636363636364
21.6818181818182 -11.6363636363636
21.6818181818182 4.36363636363637
6.68181818181819 35.3636363636364
-24.3181818181818 19.3636363636364
-25.3181818181818 4.36363636363637
-24.3181818181818 20.3636363636364
-24.3181818181818 66.3636363636364
-71.3181818181818 19.3636363636364
-87.3181818181818 -42.6363636363636
-87.3181818181818 -89.6363636363636
-103.318181818182 -136.636363636364
