150.363636363636 6.59090909090907
150.363636363636 -4.40909090909093
-15.6363636363636 6.59090909090907
-24.6363636363636 -15.4090909090909
-14.6363636363636 -35.4090909090909
-14.6363636363636 -4.40909090909093
-14.6363636363636 -35.4090909090909
-25.6363636363636 -4.40909090909093
-25.6363636363636 26.5909090909091
150.363636363636 26.5909090909091
-45.6363636363636 -35.4090909090909
-35.6363636363636 -14.4090909090909
-35.6363636363636 16.5909090909091
-24.6363636363636 16.5909090909091
-35.6363636363636 -35.4090909090909
-25.6363636363636 -4.40909090909093
-35.6363636363636 16.5909090909091
-15.6363636363636 16.5909090909091
-15.6363636363636 16.5909090909091
-14.6363636363636 6.59090909090907
-15.6363636363636 16.5909090909091
