-26.8636363636364 71.9545454545454
15.1363636363636 71.9545454545454
56.1363636363636 50.9545454545454
55.1363636363636 40.9545454545454
25.1363636363636 40.9545454545454
25.1363636363636 -1.04545454545456
45.1363636363636 -32.0454545454546
66.1363636363636 -53.0454545454546
66.1363636363636 -64.0454545454546
-5.86363636363637 8.95454545454544
14.1363636363636 -11.0454545454546
35.1363636363636 -11.0454545454546
45.1363636363636 -22.0454545454546
-36.8636363636364 9.95454545454544
-26.8636363636364 -1.04545454545456
-5.86363636363637 19.9545454545454
4.13636363636363 30.9545454545454
-57.8636363636364 29.9545454545454
-67.8636363636364 -11.0454545454546
-77.8636363636364 -43.0454545454546
-68.8636363636364 -84.0454545454546
