-27.4285714285714 22.0952380952381
3.57142857142858 64.0952380952381
65.5714285714286 54.0952380952381
127.571428571429 33.0952380952381
169.571428571429 23.0952380952381
35.5714285714286 22.0952380952381
65.5714285714286 -50.9047619047619
-6.42857142857142 74.0952380952381
-6.42857142857142 127.095238095238
14.5714285714286 -8.90476190476193
3.57142857142858 -8.90476190476193
-37.4285714285714 -39.9047619047619
-16.4285714285714 -50.9047619047619
-16.4285714285714 -19.9047619047619
-27.4285714285714 -39.9047619047619
-47.4285714285714 -40.9047619047619
-6.42857142857142 -49.9047619047619
-37.4285714285714 -29.9047619047619
-88.4285714285714 1.09523809523807
-89.4285714285714 -61.9047619047619
