-12.3181818181818 113.954545454545
18.6818181818182 92.9545454545455
49.6818181818182 71.9545454545455
59.6818181818182 40.9545454545455
49.6818181818182 9.95454545454547
28.6818181818182 19.9545454545455
38.6818181818182 -11.0454545454545
38.6818181818182 -1.04545454545453
38.6818181818182 8.95454545454547
-2.31818181818181 9.95454545454547
7.68181818181819 -22.0454545454545
17.6818181818182 -53.0454545454545
18.6818181818182 -74.0454545454545
-23.3181818181818 19.9545454545455
-23.3181818181818 -22.0454545454545
-22.3181818181818 -53.0454545454545
-12.3181818181818 -74.0454545454545
-53.3181818181818 29.9545454545455
-54.3181818181818 -1.04545454545453
-54.3181818181818 -32.0454545454545
-54.3181818181818 -53.0454545454545
