-10.6363636363636 100.954545454545
22.3636363636364 82.9545454545455
50.3636363636364 60.9545454545455
64.3636363636364 38.9545454545455
73.3636363636364 18.9545454545455
17.3636363636364 23.9545454545455
32.3636363636364 -9.04545454545453
40.3636363636364 -6.04545454545453
42.3636363636364 5.95454545454547
-5.63636363636363 20.9545454545455
-2.63636363636363 -32.0454545454545
7.36363636363637 -58.0454545454545
13.3636363636364 -81.0454545454545
-22.6363636363636 24.9545454545455
-24.6363636363636 -28.0454545454545
-27.6363636363636 -48.0454545454545
-21.6363636363636 -71.0454545454545
-38.6363636363636 31.9545454545455
-50.6363636363636 3.95454545454547
-55.6363636363636 -17.0454545454545
-58.6363636363636 -35.0454545454545
