-22.4090909090909 46.3636363636364
-2.40909090909091 67.3636363636364
8.59090909090909 78.3636363636364
29.5909090909091 67.3636363636364
59.5909090909091 56.3636363636364
-1.40909090909091 67.3636363636364
28.5909090909091 5.36363636363637
38.5909090909091 15.3636363636364
39.5909090909091 46.3636363636364
-22.4090909090909 35.3636363636364
-11.4090909090909 -16.6363636363636
8.59090909090909 -47.6363636363636
28.5909090909091 -78.6363636363636
-33.4090909090909 15.3636363636364
-12.4090909090909 -26.6363636363636
8.59090909090909 -47.6363636363636
29.5909090909091 -78.6363636363636
-43.4090909090909 -5.63636363636363
-43.4090909090909 -26.6363636363636
-32.4090909090909 -47.6363636363636
-22.4090909090909 -78.6363636363636
