87.2727272727273 97.3636363636364
98.2727272727273 56.3636363636364
108.272727272727 24.3636363636364
109.272727272727 -26.6363636363636
119.272727272727 -47.6363636363636
36.2727272727273 -6.63636363636363
35.2727272727273 -47.6363636363636
25.2727272727273 -79.6363636363636
15.2727272727273 -109.636363636364
15.2727272727273 14.3636363636364
-25.7272727272727 -47.6363636363636
-46.7272727272727 -58.6363636363636
-76.7272727272727 -79.6363636363636
5.27272727272725 45.3636363636364
-46.7272727272727 4.36363636363637
-76.7272727272727 4.36363636363637
-98.7272727272727 -26.6363636363636
-4.72727272727275 67.3636363636364
-46.7272727272727 57.3636363636364
-76.7272727272727 56.3636363636364
-87.7272727272727 46.3636363636364
