68.6363636363636 100.681818181818
69.6363636363636 47.6818181818182
89.6363636363636 -4.31818181818181
69.6363636363636 -35.3181818181818
48.6363636363636 -56.3181818181818
69.6363636363636 26.6818181818182
17.6363636363636 -46.3181818181818
-13.3636363636364 -66.3181818181818
-44.3636363636364 -77.3181818181818
38.6363636363636 26.6818181818182
-2.36363636363637 -35.3181818181818
-23.3636363636364 -56.3181818181818
-64.3636363636364 -56.3181818181818
17.6363636363636 47.6818181818182
-12.3636363636364 -25.3181818181818
-44.3636363636364 -4.31818181818181
-54.3636363636364 26.6818181818182
-13.3636363636364 68.6818181818182
-54.3636363636364 37.6818181818182
-64.3636363636364 37.6818181818182
-54.3636363636364 47.6818181818182
