197.454545454545 65.8636363636364 0
176.454545454545 -122.136363636364 0
62.4545454545455 44.8636363636364 0
0.454545454545467 23.8636363636364 0
-19.5454545454545 2.86363636363637 0
11.4545454545455 2.86363636363637 0
11.4545454545455 -28.1363636363636 0
11.4545454545455 -59.1363636363636 0
11.4545454545455 -91.1363636363636 0
-9.54545454545453 13.8636363636364 0
-20.5454545454545 -17.1363636363636 0
-40.5454545454545 3.86363636363637 0
-40.5454545454545 44.8636363636364 0
-29.5454545454545 33.8636363636364 0
-50.5454545454545 -17.1363636363636 0
-40.5454545454545 13.8636363636364 0
-40.5454545454545 34.8636363636364 0
-29.5454545454545 34.8636363636364 0
-40.5454545454545 -7.13636363636363 0
-40.5454545454545 3.86363636363637 0
-29.5454545454545 24.8636363636364 0
-50.5454545454545 -7.13636363636363 0
