154.136363636364 109.636363636364 0
18.1363636363636 32.6363636363636 0
12.1363636363636 0.636363636363626 0
-2.86363636363637 -34.3636363636364 0
-5.86363636363637 -46.3636363636364 0
32.1363636363636 -8.36363636363637 0
40.1363636363636 -27.3636363636364 0
31.1363636363636 -71.3636363636364 0
31.1363636363636 -104.363636363636 0
-9.86363636363637 22.6363636363636 0
-2.86363636363637 -29.3636363636364 0
-15.8636363636364 -28.3636363636364 0
-33.8636363636364 -37.3636363636364 0
-17.8636363636364 44.6363636363636 0
-38.8636363636364 22.6363636363636 0
-32.8636363636364 -6.36363636363637 0
-25.8636363636364 3.63636363636363 0
-1.86363636363637 68.6363636363636 0
-31.8636363636364 49.6363636363636 0
-29.8636363636364 30.6363636363636 0
-18.8636363636364 -8.36363636363637 0
-49.8636363636364 16.6363636363636 0
