152.090909090909 103.727272727273
18.0909090909091 30.7272727272727
18.0909090909091 -1.27272727272725
-2.90909090909093 -31.2727272727273
-2.90909090909093 -52.2727272727273
38.0909090909091 -10.2727272727273
38.0909090909091 -32.2727272727273
38.0909090909091 -63.2727272727273
28.0909090909091 -95.2727272727273
-12.9090909090909 20.7272727272727
-2.90909090909093 -21.2727272727273
-22.9090909090909 -31.2727272727273
-33.9090909090909 -42.2727272727273
-12.9090909090909 51.7272727272727
-43.9090909090909 19.7272727272727
-33.9090909090909 -10.2727272727273
-22.9090909090909 -1.27272727272725
-2.90909090909093 62.7272727272727
-33.9090909090909 51.7272727272727
-33.9090909090909 30.7272727272727
-23.9090909090909 -0.272727272727252
-43.9090909090909 20.7272727272727
