-13.2272727272727 91.0454545454546 0
17.7727272727273 80.0454545454546 0
38.7727272727273 59.0454545454546 0
27.7727272727273 28.0454545454546 0
-2.22727272727272 18.0454545454546 0
17.7727272727273 28.0454545454546 0
27.7727272727273 -13.9545454545454 0
58.7727272727273 -55.9545454545454 0
69.7727272727273 -3.95454545454544 0
-2.22727272727272 17.0454545454546 0
27.7727272727273 -23.9545454545454 0
-2.22727272727272 -2.95454545454544 0
-2.22727272727272 18.0454545454546 0
-23.2272727272727 7.04545454545456 0
-13.2272727272727 -23.9545454545454 0
-3.22727272727272 -13.9545454545454 0
-3.22727272727272 17.0454545454546 0
-44.2272727272727 8.04545454545456 0
-44.2272727272727 -24.9545454545454 0
-44.2272727272727 -64.9545454545454 0
-44.2272727272727 -86.9545454545454 0
-44.2272727272727 -55.9545454545454 0
