-20.4545454545455 113.590909090909 0
-0.454545454545467 92.5909090909091 0
10.5454545454545 61.5909090909091 0
0.545454545454533 19.5909090909091 0
0.545454545454533 -12.4090909090909 0
30.5454545454545 19.5909090909091 0
62.5454545454545 -2.40909090909093 0
92.5454545454545 -12.4090909090909 0
113.545454545455 -42.4090909090909 0
0.545454545454533 19.5909090909091 0
30.5454545454545 -32.4090909090909 0
30.5454545454545 -63.4090909090909 0
40.5454545454545 -95.4090909090909 0
-20.4545454545455 19.5909090909091 0
-10.4545454545455 -12.4090909090909 0
-20.4545454545455 8.59090909090907 0
-30.4545454545455 18.5909090909091 0
-51.4545454545455 29.5909090909091 0
-61.4545454545455 -11.4090909090909 0
-62.4545454545455 -32.4090909090909 0
-72.4545454545455 -53.4090909090909 0
-62.4545454545455 -32.4090909090909 0
