153.136363636364 109.181818181818 0
15.1363636363636 27.1818181818182 0
22.1363636363636 5.18181818181819 0
-1.86363636363637 -38.8181818181818 0
3.13636363636363 -52.8181818181818 0
40.1363636363636 -5.81818181818181 0
42.1363636363636 -31.8181818181818 0
43.1363636363636 -63.8181818181818 0
34.1363636363636 -101.818181818182 0
-11.8636363636364 20.1818181818182 0
-8.86363636363637 -20.8181818181818 0
-24.8636363636364 -36.8181818181818 0
-40.8636363636364 -40.8181818181818 0
-7.86363636363637 47.1818181818182 0
-46.8636363636364 15.1818181818182 0
-40.8636363636364 -7.81818181818181 0
-24.8636363636364 2.18181818181819 0
3.13636363636363 65.1818181818182 0
-36.8636363636364 54.1818181818182 0
-36.8636363636364 31.1818181818182 0
-25.8636363636364 4.18181818181819 0
-47.8636363636364 20.1818181818182 0
