152.727272727273 99.2727272727273 0
22.7272727272727 27.2727272727273 0
24.7272727272727 -1.72727272727275 0
-6.27272727272725 -29.7272727272727 0
-7.27272727272725 -47.7272727272727 0
33.7272727272727 -13.7272727272727 0
33.7272727272727 -37.7272727272727 0
35.7272727272727 -58.7272727272727 0
22.7272727272727 -100.727272727273 0
-9.27272727272725 16.2727272727273 0
0.727272727272748 -18.7272727272727 0
-24.2727272727273 -36.7272727272727 0
-32.2727272727273 -40.7272727272727 0
-7.27272727272725 59.2727272727273 0
-39.2727272727273 16.2727272727273 0
-28.2727272727273 -14.7272727272727 0
-29.2727272727273 2.27272727272725 0
-4.27272727272725 70.2727272727273 0
-34.2727272727273 58.2727272727273 0
-36.2727272727273 27.2727272727273 0
-28.2727272727273 -1.72727272727275 0
-40.2727272727273 26.2727272727273 0
