-44.4090909090909 93.9090909090909 0
-3.40909090909091 93.9090909090909 0
38.5909090909091 83.9090909090909 0
69.5909090909091 62.9090909090909 0
89.5909090909091 41.9090909090909 0
27.5909090909091 20.9090909090909 0
48.5909090909091 -11.0909090909091 0
58.5909090909091 -42.0909090909091 0
68.5909090909091 -73.0909090909091 0
-3.40909090909091 20.9090909090909 0
-14.4090909090909 -21.0909090909091 0
-13.4090909090909 9.90909090909091 0
-3.40909090909091 31.9090909090909 0
-44.4090909090909 20.9090909090909 0
-34.4090909090909 -31.0909090909091 0
-33.4090909090909 -52.0909090909091 0
-24.4090909090909 -73.0909090909091 0
-55.4090909090909 40.9090909090909 0
-34.4090909090909 -31.0909090909091 0
-34.4090909090909 -62.0909090909091 0
-24.4090909090909 -73.0909090909091 0
-33.4090909090909 -52.0909090909091 0
