-30.0909090909091 94.2272727272727 0
-7.09090909090907 87.2272727272727 0
32.9090909090909 57.2272727272727 0
54.9090909090909 10.2272727272727 0
22.9090909090909 -6.77272727272725 0
16.9090909090909 24.2272727272727 0
26.9090909090909 -4.77272727272725 0
28.9090909090909 -3.77272727272725 0
32.9090909090909 -6.77272727272725 0
-5.09090909090907 3.22727272727275 0
9.90909090909093 -18.7727272727273 0
4.90909090909093 -1.77272727272725 0
-6.09090909090907 40.2272727272727 0
-18.0909090909091 5.22727272727275 0
-14.0909090909091 -31.7727272727273 0
-8.09090909090907 9.22727272727275 0
-13.0909090909091 34.2272727272727 0
-44.0909090909091 -4.77272727272725 0
-26.0909090909091 -43.7727272727273 0
-18.0909090909091 -79.7727272727273 0
-18.0909090909091 -90.7727272727273 0
-23.0909090909091 -71.7727272727273 0
