-7.04545454545456 53.2272727272727 0
35.9545454545454 68.2272727272727 0
33.9545454545454 41.2272727272727 0
33.9545454545454 17.2272727272727 0
33.9545454545454 1.22727272727275 0
24.9545454545454 29.2272727272727 0
25.9545454545454 -2.77272727272725 0
18.9545454545454 9.22727272727275 0
4.95454545454544 -6.77272727272725 0
-6.04545454545456 -14.7727272727273 0
0.954545454545439 -1.77272727272725 0
-2.04545454545456 11.2272727272727 0
-12.0454545454546 30.2272727272727 0
-21.0454545454546 -15.7727272727273 0
-15.0454545454546 -31.7727272727273 0
-9.04545454545456 -25.7727272727273 0
-23.0454545454546 33.2272727272727 0
-35.0454545454546 -17.7727272727273 0
-31.0454545454546 -34.7727272727273 0
-17.0454545454546 -42.7727272727273 0
-12.0454545454546 -53.7727272727273 0
-23.0454545454546 -45.7727272727273 0
