-35.8181818181818 97.3636363636364
4.18181818181819 86.3636363636364
34.1818181818182 46.3636363636364
43.1818181818182 15.3636363636364
28.1818181818182 -13.6363636363636
15.1818181818182 18.3636363636364
25.1818181818182 -14.6363636363636
34.1818181818182 4.36363636363637
24.1818181818182 -0.636363636363626
-4.81818181818181 6.36363636363637
3.18181818181819 -14.6363636363636
10.1818181818182 -3.63636363636363
5.18181818181819 45.3636363636364
-20.8181818181818 2.36363636363637
-9.81818181818181 -28.6363636363636
-7.81818181818181 11.3636363636364
-11.8181818181818 27.3636363636364
-39.8181818181818 1.36363636363637
-29.8181818181818 -43.6363636363636
-27.8181818181818 -78.6363636363636
-15.8181818181818 -101.636363636364
-22.8181818181818 -62.6363636363636
