-27.1818181818182 93.3181818181818
-5.18181818181819 85.3181818181818
27.8181818181818 57.3181818181818
52.8181818181818 8.31818181818181
32.8181818181818 -6.68181818181819
16.8181818181818 12.3181818181818
27.8181818181818 -15.6818181818182
31.8181818181818 -5.68181818181819
26.8181818181818 -2.68181818181819
-2.18181818181819 1.31818181818181
0.818181818181813 -17.6818181818182
2.81818181818181 4.31818181818181
-7.18181818181819 45.3181818181818
-24.1818181818182 2.31818181818181
-13.1818181818182 -26.6818181818182
1.81818181818181 11.3181818181818
-7.18181818181819 32.3181818181818
-46.1818181818182 4.31818181818181
-34.1818181818182 -50.6818181818182
-22.1818181818182 -71.6818181818182
-7.18181818181819 -97.6818181818182
-26.1818181818182 -62.6818181818182
