-33.5909090909091 94.0454545454546 0
-2.59090909090907 83.0454545454546 0
29.4090909090909 51.0454545454546 0
49.4090909090909 10.0454545454546 0
28.4090909090909 -10.9545454545454 0
18.4090909090909 20.0454545454546 0
28.4090909090909 -10.9545454545454 0
28.4090909090909 -0.954545454545439 0
28.4090909090909 -0.954545454545439 0
-2.59090909090907 10.0454545454546 0
8.40909090909093 -20.9545454545454 0
8.40909090909093 0.045454545454561 0
-2.59090909090907 42.0454545454546 0
-23.5909090909091 0.045454545454561 0
-12.5909090909091 -31.9545454545454 0
-2.59090909090907 10.0454545454546 0
-12.5909090909091 31.0454545454546 0
-43.5909090909091 -0.954545454545439 0
-33.5909090909091 -41.9545454545454 0
-22.5909090909091 -72.9545454545454 0
-12.5909090909091 -94.9545454545454 0
-22.5909090909091 -63.9545454545454 0
