-33.5 90.6363636363636 0
2.5 87.6363636363636 0
27.5 55.6363636363636 0
47.5 6.63636363636363 0
35.5 -16.3636363636364 0
12.5 22.6363636363636 0
21.5 -11.3636363636364 0
33.5 2.63636363636363 0
22.5 6.63636363636363 0
-3.5 9.63636363636363 0
5.5 -18.3636363636364 0
16.5 -5.36363636363637 0
-2.5 36.6363636363636 0
-30.5 -4.36363636363637 0
-6.5 -24.3636363636364 0
-7.5 7.63636363636363 0
-10.5 32.6363636363636 0
-36.5 -5.36363636363637 0
-31.5 -38.3636363636364 0
-17.5 -72.3636363636364 0
-17.5 -100.363636363636 0
-27.5 -62.3636363636364 0
