-39.6818181818182 92.6818181818182 0
0.318181818181813 85.6818181818182 0
34.3181818181818 51.6818181818182 0
56.3181818181818 6.68181818181819 0
28.3181818181818 -5.31818181818181 0
17.3181818181818 22.6818181818182 0
26.3181818181818 -6.31818181818181 0
31.3181818181818 -6.31818181818181 0
31.3181818181818 -2.31818181818181 0
-3.68181818181819 7.68181818181819 0
6.31818181818181 -20.3181818181818 0
8.31818181818181 -0.318181818181813 0
-5.68181818181819 48.6818181818182 0
-27.6818181818182 -2.31818181818181 0
-18.6818181818182 -25.3181818181818 0
5.31818181818181 7.68181818181819 0
-17.6818181818182 29.6818181818182 0
-44.6818181818182 -5.31818181818181 0
-36.6818181818182 -40.3181818181818 0
-20.6818181818182 -77.3181818181818 0
-15.6818181818182 -99.3181818181818 0
-14.6818181818182 -62.3181818181818 0
