-35.3636363636364 99.9545454545454
-3.36363636363637 78.9545454545454
29.6363636363636 51.9545454545454
42.6363636363636 7.95454545454544
33.6363636363636 -10.0454545454546
11.6363636363636 12.9545454545454
28.6363636363636 -9.04545454545456
28.6363636363636 -0.045454545454561
28.6363636363636 4.95454545454544
-3.36363636363637 14.9545454545454
15.6363636363636 -25.0454545454546
10.6363636363636 0.954545454545439
0.636363636363626 36.9545454545454
-16.3636363636364 -1.04545454545456
-17.3636363636364 -32.0454545454546
-3.36363636363637 16.9545454545454
-7.36363636363637 36.9545454545454
-47.3636363636364 6.95454545454544
-38.3636363636364 -47.0454545454546
-28.3636363636364 -78.0454545454546
-5.36363636363637 -98.0454545454546
-24.3636363636364 -70.0454545454546
