-37.6363636363636 -53.1363636363636 0
14.3636363636364 123.863636363636 0
44.3636363636364 92.8636363636364 0
35.3636363636364 82.8636363636364 0
3.36363636363637 51.8636363636364 0
14.3636363636364 93.8636363636364 0
3.36363636363637 82.8636363636364 0
-26.6363636363636 71.8636363636364 0
-37.6363636363636 40.8636363636364 0
-27.6363636363636 -74.1363636363636 0
3.36363636363637 82.8636363636364 0
-37.6363636363636 81.8636363636364 0
-68.6363636363636 92.8636363636364 0
3.36363636363637 -74.1363636363636 0
14.3636363636364 -95.1363636363636 0
13.3636363636364 -136.136363636364 0
-78.6363636363636 92.8636363636364 0
14.3636363636364 -84.1363636363636 0
24.3636363636364 -95.1363636363636 0
45.3636363636364 -116.136363636364 0
45.3636363636364 -147.136363636364 0
35.3636363636364 -116.136363636364 0
