-40.1363636363636 94.9090909090909 0
3.86363636363637 88.9090909090909 0
22.8636363636364 54.9090909090909 0
42.8636363636364 10.9090909090909 0
30.8636363636364 -17.0909090909091 0
21.8636363636364 14.9090909090909 0
27.8636363636364 -4.09090909090907 0
34.8636363636364 -7.09090909090907 0
28.8636363636364 4.90909090909093 0
-11.1363636363636 6.90909090909093 0
13.8636363636364 -17.0909090909091 0
13.8636363636364 6.90909090909093 0
-3.13636363636363 35.9090909090909 0
-25.1363636363636 -0.0909090909090651 0
-9.13636363636363 -34.0909090909091 0
3.86363636363637 6.90909090909093 0
-20.1363636363636 34.9090909090909 0
-45.1363636363636 -8.09090909090907 0
-27.1363636363636 -40.0909090909091 0
-29.1363636363636 -70.0909090909091 0
-16.1363636363636 -98.0909090909091 0
-19.1363636363636 -65.0909090909091 0
