-42.4545454545455 93.5 0
8.54545454545453 51.5 0
19.5454545454545 40.5 0
19.5454545454545 50.5 0
19.5454545454545 30.5 0
8.54545454545453 9.5 0
19.5454545454545 9.5 0
29.5454545454545 -0.5 0
-22.4545454545455 -84.5 0
-1.45454545454547 9.5 0
9.54545454545453 -11.5 0
29.5454545454545 -11.5 0
29.5454545454545 19.5 0
-22.4545454545455 -0.5 0
-1.45454545454547 -21.5 0
8.54545454545453 9.5 0
39.5454545454545 19.5 0
-42.4545454545455 9.5 0
-32.4545454545455 -32.5 0
-22.4545454545455 -53.5 0
-22.4545454545455 -84.5 0
-31.4545454545455 -52.5 0
