-129.863636363636 47.4545454545454
-109.863636363636 5.45454545454544
-88.8636363636364 -36.5454545454546
-47.8636363636364 -57.5454545454546
-15.8636363636364 -67.5454545454546
-67.8636363636364 -36.5454545454546
4.13636363636363 -36.5454545454546
35.1363636363636 -36.5454545454546
66.1363636363636 -36.5454545454546
-57.8636363636364 4.45454545454544
15.1363636363636 -5.54545454545456
56.1363636363636 -5.54545454545456
87.1363636363636 -15.5454545454546
-46.8636363636364 36.4545454545454
24.1363636363636 16.4545454545454
56.1363636363636 15.4545454545454
87.1363636363636 5.45454545454544
-36.8636363636364 57.4545454545454
14.1363636363636 46.4545454545454
45.1363636363636 36.4545454545454
66.1363636363636 26.4545454545454
