121.727272727273 109.227272727273
58.7272727272727 57.2272727272727
121.727272727273 140.227272727273
-64.2727272727273 -203.772727272727
-23.2727272727273 -204.772727272727
-95.2727272727273 36.2272727272727
7.72727272727275 36.2272727272727
17.7272727272727 67.2272727272727
-2.27272727272725 -203.772727272727
-95.2727272727273 67.2272727272727
-13.2727272727273 78.2272727272727
18.7272727272727 -203.772727272727
-2.27272727272725 -203.772727272727
-95.2727272727273 98.2272727272727
-22.2727272727273 109.227272727273
17.7272727272727 119.227272727273
28.7272727272727 129.227272727273
-74.2727272727273 119.227272727273
-22.2727272727273 130.227272727273
69.7272727272727 -182.772727272727
69.7272727272727 -213.772727272727
