30.4728571428571 56.2485714285714 0
1.83285714285711 57.0985714285714 0
-34.0071428571429 37.4285714285714 0
-56.6671428571429 17.2285714285714 0
-77.2471428571429 3.59857142857143 0
-15.5471428571429 -13.2614285714286 0
-25.0271428571429 -49.8014285714286 0
-38.0571428571429 -64.3714285714286 0
-50.4171428571429 -72.5814285714286 0
7.60285714285709 -18.2914285714286 0
-11.0371428571429 -23.5314285714286 0
-4.26714285714291 13.3085714285714 0
5.64285714285711 21.0785714285715 0
31.7428571428571 -15.6014285714286 0
14.9728571428571 -12.8014285714286 0
18.2328571428571 20.3885714285714 0
25.0528571428571 22.7785714285714 0
56.2028571428571 -9.19142857142859 0
40.4128571428571 -6.92142857142858 0
37.6328571428571 16.9885714285714 0
42.4728571428571 20.2085714285714 0
