56.9080952380953 96.4514285714286 0
12.9280952380953 82.1214285714286 0
-31.9319047619047 48.5014285714286 0
-69.5619047619047 27.9914285714286 0
-101.621904761905 10.8514285714286 0
2.34809523809531 -36.8185714285714 0
-14.0319047619047 -82.8385714285714 0
-41.0919047619047 -102.328571428571 0
-65.4219047619047 -108.408571428571 0
32.0880952380953 -41.6985714285714 0
-33.6319047619047 -34.1285714285714 0
-28.1719047619047 19.3814285714286 0
-6.7619047619047 26.9314285714286 0
59.1680952380954 -32.4185714285714 0
-2.71190476190469 -10.8385714285714 0
5.36809523809529 32.6014285714286 0
25.9180952380953 33.2814285714286 0
82.3380952380953 -13.0885714285714 0
32.6280952380953 8.02142857142857 0
33.7480952380953 37.4614285714286 0
51.4980952380953 38.9714285714286 0
