30.3276190476191 76.8019047619047
4.92761904761909 67.7319047619047
-28.2223809523809 35.5819047619047
-55.3523809523809 15.0119047619047
-84.462380952381 4.22190476190468
-5.24238095238093 -21.9980952380953
-20.392380952381 -58.2480952380953
-42.2523809523809 -74.0080952380953
-60.3623809523809 -82.8780952380953
21.3676190476191 -25.6780952380953
-18.7423809523809 -37.2680952380953
-16.4223809523809 8.0819047619047
-0.982380952380936 18.6219047619047
46.4376190476191 -18.9380952380953
7.96761904761905 -17.5880952380953
10.4576190476191 25.2519047619047
26.0276190476191 31.1319047619047
69.7776190476191 -5.40809523809531
34.047619047619 -2.57809523809527
33.0876190476191 27.6519047619047
48.0076190476191 34.5019047619047
