40.4609523809525 71.8542857142857 0
12.2509523809525 66.3942857142858 0
-26.9790476190475 42.4442857142857 0
-59.7490476190475 28.6642857142857 0
-86.5490476190475 11.0942857142857 0
5.46095238095251 -31.7757142857143 0
-10.6590476190475 -76.9557142857143 0
-36.5090476190475 -90.6957142857143 0
-58.1090476190475 -90.6757142857143 0
32.8509523809525 -37.0757142857143 0
-24.1290476190475 -33.9657142857143 0
-24.8490476190475 8.98428571428573 0
-11.6890476190475 31.0342857142857 0
56.4509523809525 -29.9357142857143 0
1.43095238095248 -8.73571428571427 0
8.77095238095251 31.0042857142857 0
24.5009523809525 47.8142857142857 0
77.6509523809524 -16.1257142857143 0
31.5609523809525 -0.525714285714258 0
22.7609523809525 29.7542857142857 0
25.0709523809525 47.4242857142857 0
