53.4085714285715 38.0095238095239
24.0485714285715 43.7295238095239
-8.95142857142849 35.9995238095239
-33.9214285714285 31.7795238095239
-56.3014285714285 28.1895238095239
-9.33142857142855 -17.6404761904761
-20.7814285714285 -47.0404761904761
-37.6714285714285 -56.8404761904761
-53.9614285714285 -59.3204761904761
6.97857142857146 -31.0404761904761
-18.8314285714285 -20.4804761904761
-15.6014285714285 7.40952380952388
-7.65142857142854 25.8995238095239
25.4585714285715 -33.1104761904761
1.99857142857149 -16.2004761904761
9.84857142857146 5.95952380952389
19.3185714285715 19.7395238095239
43.7285714285715 -27.6804761904761
25.0485714285715 1.46952380952388
25.0485714285715 27.3595238095239
28.1185714285715 43.8095238095239
