27.7209523809523 60.7209523809524
-0.749047619047644 61.0609523809525
-32.3590476190477 42.0809523809525
-57.7190476190477 28.4709523809524
-82.1290476190476 25.1909523809525
-21.8290476190476 -30.8690476190475
-25.8390476190477 -68.7290476190475
-41.0390476190477 -78.8590476190475
-55.4190476190477 -73.0290476190476
11.0609523809524 -40.8490476190476
-9.54904761904766 -39.2890476190476
-13.7790476190477 7.70095238095246
-9.26904761904763 20.7409523809524
41.8309523809523 -34.4690476190476
20.7309523809524 -4.70904761904757
16.0109523809523 31.8709523809525
20.6509523809523 33.9209523809524
69.2209523809523 -18.5490476190475
51.3409523809523 9.22095238095244
43.9009523809523 34.3809523809525
47.2109523809523 33.9909523809524
