37.6242857142857 33.3395238095238 0
22.6842857142857 37.1295238095238 0
0.15428571428572 24.5995238095238 0
-15.0557142857143 7.05952380952382 0
-25.9057142857142 -6.99047619047616 0
-6.90571428571423 -16.0404761904762 0
-29.5557142857143 -39.5104761904762 0
-52.0257142857142 -49.1504761904762 0
-69.9357142857143 -55.7104761904762 0
7.83428571428573 -26.6504761904762 0
-28.1457142857142 -11.6004761904762 0
-16.9257142857143 20.0295238095238 0
-2.46571428571423 27.7695238095238 0
25.6942857142857 -26.6604761904762 0
-4.90571428571423 -1.08047619047616 0
6.08428571428573 27.1695238095238 0
19.7042857142857 27.9095238095238 0
44.8542857142858 -21.3904761904762 0
23.1042857142858 2.69952380952384 0
27.3142857142857 23.8995238095238 0
36.7742857142857 23.1795238095238 0
