40.1942857142858 166.896666666667
-28.6057142857142 125.946666666667
-83.8257142857142 48.6566666666667
-106.285714285714 -11.1933333333333
-87.0857142857142 -60.0533333333333
-33.5157142857141 -17.7633333333333
-50.5657142857142 -53.9633333333333
-53.9957142857141 2.45666666666665
-56.2857142857141 51.5266666666667
9.89428571428584 -19.1833333333333
-12.6357142857141 -40.2033333333333
-15.6057142857142 28.9266666666667
-18.9457142857142 82.1666666666667
54.8342857142859 -14.6833333333333
30.1342857142859 -36.5333333333333
21.2342857142859 30.3466666666667
15.6042857142859 82.1866666666667
96.7042857142859 -8.31333333333333
99.3342857142859 -78.6233333333333
95.1442857142858 -121.443333333333
84.2742857142858 -157.153333333333
