37.0066666666667 78.6252380952381
1.11666666666667 75.3952380952381
-27.8933333333333 54.9652380952381
-41.8833333333333 33.9352380952381
-38.2133333333333 14.0852380952381
-21.7733333333333 6.3152380952381
-38.7033333333333 -14.4547619047619
-29.0133333333333 10.9352380952381
-17.5333333333333 33.7952380952381
-0.75333333333333 -2.26476190476188
-14.2633333333333 -19.6647619047619
-5.38333333333333 10.7752380952381
3.70666666666671 37.2552380952381
22.1366666666667 -9.29476190476191
11.1166666666667 -40.3047619047619
-2.06333333333333 -33.5147619047619
-13.1933333333333 -22.5247619047619
44.6166666666667 -13.2847619047619
46.0766666666667 -46.3147619047619
44.8466666666667 -67.8247619047619
40.0466666666667 -86.6347619047619
