32.7742857142858 97.9914285714286
0.484285714285761 87.8414285714286
-25.4957142857143 48.7614285714286
-33.8557142857143 10.3214285714286
-5.96571428571423 0.111428571428632
-29.2057142857142 7.03142857142859
-44.1957142857142 -25.2585714285714
-38.1457142857142 -2.12857142857138
-29.0257142857142 11.4414285714286
-4.71571428571423 -1.2885714285714
-18.9557142857142 -33.0885714285714
-16.6557142857142 0.841428571428594
-17.1157142857143 -2.19857142857137
18.0842857142857 -1.37857142857138
8.48428571428576 -33.8285714285714
4.24428571428575 -1.69857142857137
5.77428571428578 18.9914285714286
45.2442857142858 1.50142857142862
47.7142857142858 -35.8685714285714
49.8242857142857 -61.5785714285714
50.7042857142857 -86.5185714285714
