-12.3181818181818 113.954545454545 0
18.6818181818182 92.9545454545455 0
49.6818181818182 71.9545454545455 0
59.6818181818182 40.9545454545455 0
49.6818181818182 9.95454545454547 0
28.6818181818182 19.9545454545455 0
38.6818181818182 -11.0454545454545 0
38.6818181818182 -1.04545454545453 0
38.6818181818182 8.95454545454547 0
-2.31818181818181 9.95454545454547 0
7.68181818181819 -22.0454545454545 0
17.6818181818182 -53.0454545454545 0
18.6818181818182 -74.0454545454545 0
-23.3181818181818 19.9545454545455 0
-23.3181818181818 -22.0454545454545 0
-22.3181818181818 -53.0454545454545 0
-12.3181818181818 -74.0454545454545 0
-53.3181818181818 29.9545454545455 0
-54.3181818181818 -1.04545454545453 0
-54.3181818181818 -32.0454545454545 0
-54.3181818181818 -53.0454545454545 0
-54.3181818181818 -22.0454545454545 0
