-22.4090909090909 46.3636363636364 0
-2.40909090909091 67.3636363636364 0
8.59090909090909 78.3636363636364 0
29.5909090909091 67.3636363636364 0
59.5909090909091 56.3636363636364 0
-1.40909090909091 67.3636363636364 0
28.5909090909091 5.36363636363637 0
38.5909090909091 15.3636363636364 0
39.5909090909091 46.3636363636364 0
-22.4090909090909 35.3636363636364 0
-11.4090909090909 -16.6363636363636 0
8.59090909090909 -47.6363636363636 0
28.5909090909091 -78.6363636363636 0
-33.4090909090909 15.3636363636364 0
-12.4090909090909 -26.6363636363636 0
8.59090909090909 -47.6363636363636 0
29.5909090909091 -78.6363636363636 0
-43.4090909090909 -5.63636363636363 0
-43.4090909090909 -26.6363636363636 0
-32.4090909090909 -47.6363636363636 0
-22.4090909090909 -78.6363636363636 0
-32.4090909090909 -46.6363636363636 0
