-47.4090909090909 123.681818181818 0
-16.4090909090909 102.681818181818 0
24.5909090909091 81.6818181818182 0
55.5909090909091 60.6818181818182 0
76.5909090909091 50.6818181818182 0
-16.4090909090909 28.6818181818182 0
24.5909090909091 8.68181818181819 0
45.5909090909091 28.6818181818182 0
66.5909090909091 50.6818181818182 0
-26.4090909090909 8.68181818181819 0
-5.40909090909091 -43.3181818181818 0
24.5909090909091 -75.3181818181818 0
35.5909090909091 -106.318181818182 0
-36.4090909090909 18.6818181818182 0
-16.4090909090909 -43.3181818181818 0
-6.40909090909091 -74.3181818181818 0
-6.40909090909091 -106.318181818182 0
-37.4090909090909 28.6818181818182 0
-37.4090909090909 -12.3181818181818 0
-37.4090909090909 -33.3181818181818 0
-27.4090909090909 -64.3181818181818 0
-36.4090909090909 -33.3181818181818 0
