6.5 143.909090909091 0
47.5 102.909090909091 0
88.5 70.9090909090909 0
109.5 39.9090909090909 0
119.5 8.90909090909093 0
27.5 28.9090909090909 0
47.5 -12.0909090909091 0
78.5 -12.0909090909091 0
109.5 7.90909090909093 0
-4.5 18.9090909090909 0
-4.5 -33.0909090909091 0
6.5 -75.0909090909091 0
16.5 -117.090909090909 0
-35.5 28.9090909090909 0
-46.5 -33.0909090909091 0
-45.5 -64.0909090909091 0
-35.5 -96.0909090909091 0
-55.5 39.9090909090909 0
-86.5 8.90909090909093 0
-107.5 -12.0909090909091 0
-128.5 -33.0909090909091 0
-107.5 -12.0909090909091 0
