-47.5909090909091 100.136363636364
-6.59090909090909 89.1363636363636
24.4090909090909 78.1363636363636
45.4090909090909 58.1363636363636
55.4090909090909 47.1363636363636
3.40909090909091 16.1363636363636
24.4090909090909 -4.86363636363637
44.4090909090909 16.1363636363636
45.4090909090909 36.1363636363636
-16.5909090909091 6.13636363636363
3.40909090909091 -25.8636363636364
14.4090909090909 -56.8636363636364
35.4090909090909 -77.8636363636364
-27.5909090909091 16.1363636363636
-17.5909090909091 -25.8636363636364
-16.5909090909091 -56.8636363636364
-6.59090909090909 -87.8636363636364
-37.5909090909091 16.1363636363636
-37.5909090909091 -14.8636363636364
-27.5909090909091 -35.8636363636364
-26.5909090909091 -56.8636363636364
-27.5909090909091 -35.8636363636364
