68.6363636363636 100.681818181818 0
69.6363636363636 47.6818181818182 0
89.6363636363636 -4.31818181818181 0
69.6363636363636 -35.3181818181818 0
48.6363636363636 -56.3181818181818 0
69.6363636363636 26.6818181818182 0
17.6363636363636 -46.3181818181818 0
-13.3636363636364 -66.3181818181818 0
-44.3636363636364 -77.3181818181818 0
38.6363636363636 26.6818181818182 0
-2.36363636363637 -35.3181818181818 0
-23.3636363636364 -56.3181818181818 0
-64.3636363636364 -56.3181818181818 0
17.6363636363636 47.6818181818182 0
-12.3636363636364 -25.3181818181818 0
-44.3636363636364 -4.31818181818181 0
-54.3636363636364 26.6818181818182 0
-13.3636363636364 68.6818181818182 0
-54.3636363636364 37.6818181818182 0
-64.3636363636364 37.6818181818182 0
-54.3636363636364 47.6818181818182 0
-44.3636363636364 -4.31818181818181 0
