-24.1818181818182 117 0
16.8181818181818 106 0
57.8181818181818 75 0
88.8181818181818 54 0
98.8181818181818 33 0
-4.18181818181819 23 0
27.8181818181818 -8 0
58.8181818181818 13 0
68.8181818181818 44 0
-24.1818181818182 23 0
-3.18181818181819 -40 0
16.8181818181818 -82 0
36.8181818181818 -113 0
-45.1818181818182 33 0
-35.1818181818182 -30 0
-34.1818181818182 -71 0
-25.1818181818182 -113 0
-55.1818181818182 43 0
-56.1818181818182 13 0
-65.1818181818182 -9 0
-65.1818181818182 -40 0
-34.1818181818182 -71 0
