-61.9545454545455 78.6363636363636 0
-20.9545454545455 78.6363636363636 0
10.0454545454545 88.6363636363636 0
31.0454545454545 78.6363636363636 0
41.0454545454545 56.6363636363636 0
10.0454545454545 25.6363636363636 0
40.0454545454545 15.6363636363636 0
41.0454545454545 26.6363636363636 0
40.0454545454545 56.6363636363636 0
-10.9545454545455 15.6363636363636 0
20.0454545454545 -25.3636363636364 0
41.0454545454545 -36.3636363636364 0
62.0454545454545 -57.3636363636364 0
-31.9545454545455 4.63636363636363 0
-10.9545454545455 -36.3636363636364 0
10.0454545454545 -57.3636363636364 0
30.0454545454545 -78.3636363636364 0
-61.9545454545455 4.63636363636363 0
-51.9545454545455 -36.3636363636364 0
-41.9545454545455 -57.3636363636364 0
-41.9545454545455 -88.3636363636364 0
-41.9545454545455 -57.3636363636364 0
