12.2057142857143 112.509523809524
-22.8542857142857 91.4395238095238
-35.1442857142857 49.0095238095238
-13.8342857142857 13.6895238095238
15.1057142857143 -1.35047619047617
-33.5942857142857 -5.36047619047616
-46.4142857142857 -42.2804761904762
-49.9642857142857 -69.9004761904762
-55.3542857142857 -84.2304761904762
-1.47428571428571 -7.87047619047615
12.9957142857143 -58.1504761904762
6.96571428571428 -82.1404761904762
-3.83428571428573 -87.6904761904761
25.4857142857143 4.76952380952383
31.4657142857143 -20.3404761904762
14.2357142857143 11.2795238095238
1.7657142857143 37.3195238095238
48.9057142857142 27.2695238095238
46.3657142857143 15.7395238095239
29.8957142857143 38.4495238095238
17.0757142857143 57.8395238095238
