3.95333333333338 217.039047619048
-46.7566666666667 165.349047619048
-66.5466666666666 97.8790476190476
-45.1066666666667 39.3590476190476
-4.78666666666663 5.92904761904759
-46.7266666666667 3.76904761904763
-58.4866666666667 -73.1809523809524
-66.4866666666667 -116.710952380952
-74.3266666666666 -155.060952380952
0.423333333333403 2.57904761904763
2.96333333333337 -82.2409523809524
-6.85666666666668 -125.140952380952
-16.2666666666667 -161.840952380952
45.6933333333334 20.8390476190476
44.6033333333335 -42.2709523809524
23.5233333333333 9.33904761904762
11.6233333333333 55.4790476190476
88.9033333333334 52.7590476190476
93.9733333333334 -2.4509523809524
68.6133333333335 25.5890476190476
48.0733333333333 62.9890476190476
