-1.27380952380946 108.227619047619
-28.8338095238095 86.6476190476191
-40.1738095238094 44.9176190476191
-28.3138095238094 13.6176190476191
-6.12380952380943 -9.70238095238091
-11.3438095238095 0.847619047619105
-16.5238095238095 -40.9923809523809
-23.6038095238094 -67.7623809523809
-32.5438095238094 -88.7623809523809
14.2461904761906 2.09761904761911
22.0261904761905 -49.3423809523809
14.3761904761906 -78.6123809523809
3.05619047619058 -99.1123809523809
36.9361904761906 12.7876190476191
13.9361904761906 -18.3623809523809
-1.54380952380944 13.7176190476191
-5.95380952380941 40.5976190476191
55.7661904761906 30.0176190476191
25.1061904761905 8.6976190476191
7.96619047619055 33.6476190476191
2.81619047619057 56.8276190476191
