6.68571428571437 62.117619047619
-12.0942857142856 50.857619047619
-17.9642857142856 32.007619047619
-5.51428571428562 12.3976190476191
10.8357142857144 2.45761904761906
-24.3742857142856 3.86761904761903
-30.8542857142856 -23.302380952381
-33.4742857142856 -40.332380952381
-33.9042857142856 -54.832380952381
-4.4142857142856 -0.0823809523809587
-4.93428571428564 -28.982380952381
-3.57428571428562 -45.862380952381
-2.32428571428562 -64.182380952381
13.5357142857144 5.24761904761903
19.7357142857144 -14.142380952381
14.4057142857144 6.66761904761904
8.92571428571438 21.567619047619
27.7257142857144 17.5176190476191
30.8457142857144 6.20761904761906
23.8657142857144 19.637619047619
16.8657142857144 31.167619047619
