-0.536190476190484 138.456666666667
-42.0961904761905 111.506666666667
-76.7661904761905 58.9366666666666
-88.5561904761905 10.6466666666667
-68.3361904761905 -24.5333333333333
-27.2561904761905 3.16666666666666
-34.9161904761905 -53.5133333333333
-40.8561904761905 -86.2533333333333
-46.4861904761905 -115.763333333333
9.96380952380952 6.46666666666667
30.9638095238095 -59.5033333333333
39.4238095238095 -99.4933333333333
41.8038095238095 -132.943333333333
41.5138095238095 21.3866666666667
34.8938095238095 -15.8533333333333
16.1638095238095 29.3366666666667
3.2338095238095 66.0966666666667
70.9138095238095 42.5966666666667
66.0738095238095 7.06666666666666
44.8038095238095 32.5566666666666
26.0538095238095 59.6366666666667
