20.7823809523809 77.2795238095238
-3.36761904761909 61.0095238095238
-18.5176190476191 37.2095238095238
-24.2876190476191 16.1895238095238
-15.0276190476191 5.08952380952383
-0.647619047619116 -0.530476190476179
-3.56761904761908 -29.0704761904762
-17.2376190476191 -31.3904761904762
-27.7876190476191 -23.8504761904762
15.1423809523809 -0.500476190476206
12.9323809523809 -35.2804761904762
-5.27761904761911 -40.5104761904762
-20.0176190476191 -34.8004761904762
30.0623809523809 6.21952380952382
22.4023809523809 -24.0904761904762
4.0223809523809 -20.3404761904762
-8.81761904761908 -9.54047619047617
40.2323809523809 18.8095238095238
17.5523809523809 7.31952380952384
-2.1676190476191 8.57952380952383
-16.4076190476191 12.1995238095238
