70.0333333333335 191.87
-12.9866666666665 146.63
-91.1966666666665 60.34
-135.676666666667 -17.3100000000001
-98.3166666666665 -70.9700000000001
-47.0666666666665 -76.98
-100.926666666667 -100.58
-82.3566666666665 -14.3600000000001
-56.7166666666665 -5.05000000000007
17.8833333333334 -89.27
-38.0866666666665 -71.3
-23.0066666666665 27.36
1.08333333333348 13.9499999999999
82.8733333333334 -73.96
28.6933333333335 -38.09
30.6133333333335 46.21
56.3333333333335 31.9
141.063333333334 -44.45
84.8333333333335 -4.06000000000006
75.9233333333334 48.58
97.0033333333336 39.54
