34.9604761904762 73.3471428571428
-12.0695238095237 58.5971428571428
-40.5095238095237 25.6371428571429
-52.7595238095237 -6.86285714285714
-64.0295238095237 -31.6928571428571
-27.8995238095237 -7.55285714285714
-34.5695238095237 -31.3028571428571
-28.8795238095237 -6.89285714285711
-21.0795238095237 14.6171428571429
0.420476190476279 -13.3728571428571
-8.82952380952372 -42.4928571428571
-4.50952380952373 -3.07285714285712
3.54047619047628 18.5871428571429
27.0404761904763 -11.2528571428571
18.3404761904762 -39.1928571428571
16.1704761904763 -0.732857142857142
20.6304761904763 19.6171428571429
55.0704761904763 -5.29285714285714
43.6104761904762 -26.1128571428571
37.5904761904762 0.457142857142856
37.7604761904763 14.9671428571428
