18.8 56.1019047619048
-11.89 40.7119047619048
-37.52 18.1919047619048
-45.95 -6.35809523809525
-27.53 -19.4880952380952
-22.83 -10.4180952380952
-30.38 -30.3180952380952
-25.06 -8.60809523809525
-20.11 5.3419047619048
-0.240000000000009 -12.6480952380952
-7.73000000000002 -29.8280952380952
-2.31999999999994 -1.0980952380952
1.82000000000005 13.8019047619048
22.62 -10.5980952380952
15.87 -28.2680952380952
15.95 -1.24809523809523
16.13 14.1119047619048
45.2 -4.1580952380952
36.4400000000001 -12.5780952380952
30.95 7.33190476190475
27.78 20.0219047619048
