43.2466666666668 59.9095238095238
15.2766666666668 52.6595238095238
-5.62333333333328 30.9395238095238
-18.9833333333333 11.2795238095238
-34.9833333333333 -3.80047619047616
3.13666666666671 3.92952380952383
-15.3933333333333 -13.7704761904762
-33.4333333333333 -16.9504761904762
-50.3133333333333 -14.0304761904762
17.6266666666667 0.149523809523828
-5.46333333333325 -18.0904761904762
-24.9833333333333 -15.7504761904762
-40.8833333333333 -10.4704761904762
34.7866666666667 1.28952380952381
15.0966666666667 -18.2204761904762
-5.22333333333324 -14.5104761904762
-22.0733333333333 -6.66047619047617
54.4666666666667 6.62952380952382
41.0366666666667 -11.6704761904762
24.3266666666667 -13.3804761904762
8.35666666666674 -9.48047619047617
