85.8257142857142 116.84
34.8457142857143 87.44
4.73571428571427 45.48
-15.5342857142857 18.45
-36.6042857142857 -2.78999999999999
32.6457142857143 1.84999999999999
-3.60428571428571 -18.92
-36.5142857142857 -23.58
-66.9042857142857 -22.83
47.7257142857143 -4.75
-1.57428571428574 -26.55
-37.6442857142857 -26.33
-69.0542857142858 -21.41
63.6857142857143 -6.06
9.93571428571425 -26.84
-28.3342857142857 -22
-59.1442857142857 -14.05
77.9757142857143 -1.77000000000001
29.5957142857143 -18.47
-2.94428571428574 -18.69
-29.1142857142858 -15.02
