45.8761904761904 66.3738095238096 0
18.9561904761904 48.8838095238096 0
-0.9338095238096 24.0938095238095 0
-17.3238095238096 9.29380952380956 0
-35.1238095238096 -1.41619047619045 0
27.5461904761904 -0.836190476190438 0
-0.203809523809582 -7.39619047619044 0
-24.3638095238096 -8.13619047619045 0
-45.0538095238096 -6.98619047619044 0
37.7661904761904 -6.26619047619045 0
5.09619047619043 -13.1061904761904 0
-19.2038095238096 -13.9061904761904 0
-40.5938095238096 -12.3661904761904 0
45.6661904761904 -6.25619047619045 0
11.9261904761904 -14.8061904761904 0
-12.9938095238096 -15.9061904761904 0
-35.3638095238096 -14.3061904761904 0
49.6861904761904 -0.88619047619045 0
17.2261904761904 -7.29619047619045 0
-4.7438095238096 -9.27619047619044 0
-23.8438095238096 -9.49619047619043 0
