60.4638095238095 80.9909523809524 0
24.1838095238095 59.2509523809524 0
-3.44619047619051 29.8109523809524 0
-25.1061904761905 13.4509523809523 0
-46.8061904761905 1.67095238095237 0
22.6638095238095 -22.3090476190476 0
-12.4561904761905 -26.8690476190476 0
-35.0261904761905 -20.2890476190477 0
-52.8961904761905 -10.9690476190477 0
39.6638095238095 -23.9490476190476 0
-2.7661904761905 -24.9490476190476 0
-27.4461904761905 -15.0190476190476 0
-47.2461904761905 -4.89904761904762 0
55.1638095238095 -16.6290476190476 0
11.7738095238095 -15.5690476190476 0
-14.8961904761905 -7.01904761904763 0
-36.5461904761905 0.340952380952331 0
66.2038095238095 -1.28904761904766 0
30.6738095238095 -1.70904761904762 0
7.07380952380953 1.65095238095233 0
-13.2261904761905 4.30095238095237 0
