310.181818181818 44.6363636363636
-70.8181818181818 38.6363636363636
-39.8181818181818 35.6363636363636
-19.8181818181818 6.63636363636363
-31.8181818181818 -4.36363636363637
-33.8181818181818 -26.3636363636364
27.1818181818182 -29.3636363636364
85.1818181818182 -30.3636363636364
113.181818181818 -12.3636363636364
-47.8181818181818 -36.3636363636364
27.1818181818182 -23.3636363636364
2.18181818181819 22.6363636363636
-5.81818181818181 30.6363636363636
-63.8181818181818 -21.3636363636364
5.18181818181819 -22.3636363636364
-15.8181818181818 22.6363636363636
-34.8181818181818 6.63636363636363
-84.8181818181818 -17.3636363636364
-30.8181818181818 -21.3636363636364
-28.8181818181818 6.63636363636363
-43.8181818181818 11.6363636363636
