307.136363636364 38.6818181818182
-60.8636363636364 43.6818181818182
-28.8636363636364 38.6818181818182
-20.8636363636364 16.6818181818182
-28.8636363636364 -2.31818181818181
-35.8636363636364 -22.3181818181818
29.1363636363636 -21.3181818181818
72.1363636363636 -28.3181818181818
106.136363636364 -14.3181818181818
-37.8636363636364 -44.3181818181818
24.1363636363636 -26.3181818181818
2.13636363636363 17.6818181818182
-10.8636363636364 29.6818181818182
-70.8636363636364 -28.3181818181818
11.1363636363636 -14.3181818181818
-9.86363636363637 24.6818181818182
-30.8636363636364 11.6818181818182
-91.8636363636364 -18.3181818181818
-37.8636363636364 -33.3181818181818
-29.8636363636364 -4.31818181818181
-48.8636363636364 14.6818181818182
