311.863636363636 38.2727272727273
-68.1363636363636 42.2727272727273
-30.1363636363636 35.2727272727273
-17.1363636363636 18.2727272727273
-30.1363636363636 -2.72727272727275
-36.1363636363636 -23.7272727272727
30.8636363636364 -31.7272727272727
83.8636363636364 -26.7272727272727
109.863636363636 -24.7272727272727
-48.1363636363636 -31.7272727272727
29.8636363636364 -22.7272727272727
5.86363636363637 21.2727272727273
-15.1363636363636 29.2727272727273
-64.1363636363636 -20.7272727272727
9.86363636363637 -24.7272727272727
-15.1363636363636 30.2727272727273
-31.1363636363636 13.2727272727273
-93.1363636363636 -22.7272727272727
-31.1363636363636 -28.7272727272727
-29.1363636363636 -3.72727272727275
-50.1363636363636 17.2727272727273
