305.772727272727 36.5454545454546
-71.2272727272727 49.5454545454546
-33.2272727272727 40.5454545454546
-17.2272727272727 12.5454545454546
-22.2272727272727 5.54545454545456
-31.2272727272727 -26.4545454545454
22.7727272727273 -28.4545454545454
82.7727272727273 -35.4545454545454
116.772727272727 -15.4545454545454
-40.2272727272727 -31.4545454545454
28.7727272727273 -35.4545454545454
3.77272727272728 20.5454545454546
-20.2272727272727 24.5454545454546
-67.2272727272727 -30.4545454545454
1.77272727272728 -16.4545454545454
-12.2272727272727 27.5454545454546
-38.2272727272727 7.54545454545456
-90.2272727272727 -16.4545454545454
-34.2272727272727 -27.4545454545454
-27.2272727272727 6.54545454545456
-48.2272727272727 12.5454545454546
