191.409090909091 -157.545454545455
-14.5909090909091 41.4545454545454
-4.59090909090909 41.4545454545454
25.4090909090909 30.4545454545454
47.4090909090909 9.45454545454544
-15.5909090909091 9.45454545454544
-14.5909090909091 -10.5454545454546
5.40909090909091 -53.5454545454546
15.4090909090909 -94.5454545454546
-45.5909090909091 -0.545454545454561
-45.5909090909091 -20.5454545454546
-46.5909090909091 10.4545454545454
-46.5909090909091 41.4545454545454
-66.5909090909091 20.4545454545454
-76.5909090909091 -0.545454545454561
-66.5909090909091 10.4545454545454
-66.5909090909091 41.4545454545454
202.409090909091 30.4545454545454
242.409090909091 20.4545454545454
-76.5909090909091 10.4545454545454
-76.5909090909091 30.4545454545454
