-49.0909090909091 92.7727272727273
-7.09090909090909 81.7727272727273
53.9090909090909 49.7727272727273
105.909090909091 28.7727272727273
147.909090909091 8.77272727272725
23.9090909090909 -22.2272727272727
33.9090909090909 -85.2272727272727
33.9090909090909 -127.227272727273
33.9090909090909 -179.227272727273
-17.0909090909091 -23.2272727272727
22.9090909090909 -33.2272727272727
13.9090909090909 18.7727272727273
2.90909090909091 60.7727272727273
-49.0909090909091 -22.2272727272727
-18.0909090909091 -12.2272727272727
-18.0909090909091 28.7727272727273
-18.0909090909091 50.7727272727273
-80.0909090909091 -12.2272727272727
-69.0909090909091 -2.22727272727275
-49.0909090909091 29.7727272727273
-49.0909090909091 39.7727272727273
