-63.2272727272727 130.272727272727
0.772727272727252 114.272727272727
93.7727272727273 83.2727272727273
155.772727272727 67.2727272727273
202.772727272727 52.2727272727273
46.7727272727273 -10.7272727272727
62.7727272727273 -88.7272727272727
77.7727272727273 -135.727272727273
78.7727272727273 -197.727272727273
-0.227272727272748 -26.7272727272727
14.7727272727273 -41.7272727272727
-15.2272727272727 36.2727272727273
-16.2272727272727 51.2727272727273
-47.2272727272727 -26.7272727272727
-46.2272727272727 -41.7272727272727
-47.2272727272727 20.2727272727273
-47.2272727272727 51.2727272727273
-93.2272727272727 -25.7272727272727
-93.2272727272727 -41.7272727272727
-93.2272727272727 5.27272727272725
-78.2272727272727 36.2727272727273
