166.227272727273 -190.545454545455
32.2272727272727 39.4545454545454
52.2272727272727 59.4545454545454
83.2272727272727 39.4545454545454
93.2272727272727 28.4545454545454
32.2272727272727 -2.54545454545456
52.2272727272727 -2.54545454545456
53.2272727272727 -1.54545454545456
62.2272727272727 -12.5454545454546
-9.77272727272728 -22.5454545454546
-8.77272727272728 -43.5454545454546
-19.7727272727273 -2.54545454545456
-29.7727272727273 38.4545454545454
-39.7727272727273 -22.5454545454546
-50.7727272727273 -23.5454545454546
-50.7727272727273 18.4545454545454
-50.7727272727273 49.4545454545454
-71.7727272727273 -12.5454545454546
-81.7727272727273 -12.5454545454546
-81.7727272727273 18.4545454545454
-80.7727272727273 39.4545454545454
