-54.1818181818182 98.9545454545454
79.8181818181818 -88.0454545454546
131.818181818182 -68.0454545454546
120.818181818182 25.9545454545454
79.8181818181818 -5.04545454545456
48.8181818181818 15.9545454545454
48.8181818181818 4.95454545454544
48.8181818181818 14.9545454545454
17.8181818181818 -99.0454545454546
37.8181818181818 4.95454545454544
17.8181818181818 -5.04545454545456
6.81818181818181 -68.0454545454546
17.8181818181818 -99.0454545454546
-54.1818181818182 25.9545454545454
-44.1818181818182 14.9545454545454
-54.1818181818182 5.95454545454544
-64.1818181818182 5.95454545454544
-85.1818181818182 35.9545454545454
-86.1818181818182 25.9545454545454
-75.1818181818182 46.9545454545454
-64.1818181818182 67.9545454545454
