-23.2727272727273 52.0909090909091
18.7272727272727 41.0909090909091
69.7272727272727 41.0909090909091
80.7272727272727 41.0909090909091
100.727272727273 41.0909090909091
27.7272727272727 -0.909090909090935
28.7272727272727 -41.9090909090909
28.7272727272727 -63.9090909090909
28.7272727272727 -104.909090909091
7.72727272727273 10.0909090909091
-2.27272727272727 -10.9090909090909
-12.2727272727273 -20.9090909090909
-23.2727272727273 -31.9090909090909
-12.2727272727273 21.0909090909091
-23.2727272727273 10.0909090909091
-33.2727272727273 -10.9090909090909
-43.2727272727273 -21.9090909090909
-44.2727272727273 31.0909090909091
-43.2727272727273 20.0909090909091
-53.2727272727273 0.0909090909090651
-54.2727272727273 -10.9090909090909
