-46.5454545454546 33.6818181818182
-15.5454545454546 33.6818181818182
46.4545454545454 33.6818181818182
67.4545454545454 33.6818181818182
118.454545454545 43.6818181818182
15.4545454545454 -29.3181818181818
25.4545454545454 -81.3181818181818
46.4545454545454 -112.318181818182
46.4545454545454 -144.318181818182
-15.5454545454546 -29.3181818181818
15.4545454545454 -29.3181818181818
26.4545454545454 22.6818181818182
26.4545454545454 54.6818181818182
-46.5454545454546 -18.3181818181818
-15.5454545454546 2.68181818181819
-15.5454545454546 34.6818181818182
-15.5454545454546 54.6818181818182
-77.5454545454546 -7.31818181818181
-56.5454545454546 2.68181818181819
-46.5454545454546 33.6818181818182
-36.5454545454546 43.6818181818182
