-17.0454545454546 17.9090909090909
33.9545454545454 38.9090909090909
44.9545454545454 59.9090909090909
64.9545454545454 69.9090909090909
64.9545454545454 59.9090909090909
44.9545454545454 -13.0909090909091
64.9545454545454 -86.0909090909091
65.9545454545454 -128.090909090909
95.9545454545454 -160.090909090909
2.95454545454544 -24.0909090909091
12.9545454545454 -45.0909090909091
2.95454545454544 17.9090909090909
-7.04545454545456 59.9090909090909
-38.0454545454546 -24.0909090909091
-38.0454545454546 -13.0909090909091
-38.0454545454546 28.9090909090909
-37.0454545454546 59.9090909090909
-79.0454545454546 -24.0909090909091
-79.0454545454546 -2.09090909090907
-69.0454545454546 28.9090909090909
-59.0454545454546 48.9090909090909
