63.2733333333334 60.4709523809523
59.3833333333333 30.4609523809523
37.3333333333334 -1.90904761904773
16.6033333333334 -26.2690476190477
4.87333333333339 -47.7790476190478
47.0933333333334 -8.28904761904775
7.78333333333336 -27.5290476190478
-19.6666666666666 -37.1890476190478
-42.3266666666666 -42.7590476190477
43.7833333333334 9.33095238095223
-3.83666666666664 -12.5690476190478
-36.0866666666666 -23.0690476190478
-60.4666666666666 -30.2090476190477
37.1833333333334 30.8309523809522
-8.8866666666666 9.28095238095227
-39.3266666666666 -2.14904761904774
-61.7966666666666 -11.2490476190478
27.7233333333334 54.0709523809522
-4.8866666666666 36.6809523809522
-25.6366666666666 25.3109523809522
-42.1166666666666 14.5309523809523
