89.0209523809525 88.17 0
59.4109523809524 24.14 0
33.7909523809524 -34.53 0
23.0909523809524 -74.85 0
25.8709523809524 -109.62 0
75.9309523809524 -55.22 0
-5.33904761904756 -56.9 0
-57.0290476190476 -45.49 0
-98.0190476190476 -32.09 0
93.2909523809524 -18.34 0
0.450952380952401 -18.42 0
-61.1690476190476 -9.42000000000002 0
-107.369047619048 0.70999999999998 0
94.3909523809525 22.48 0
2.9509523809524 25.12 0
-56.2190476190476 27.66 0
-97.9490476190476 33.56 0
82.1809523809524 61.97 0
8.74095238095242 59.42 0
-36.6790476190476 56.5 0
-69.3490476190476 55.15 0
