117.510952380952 42.4471428571429 0
104.320952380952 1.70714285714286 0
76.6809523809524 -32.9628571428572 0
54.8109523809524 -62.6628571428571 0
48.1309523809524 -89.6528571428571 0
41.1709523809524 -28.4828571428571 0
-13.7690476190476 -28.9828571428571 0
-45.9790476190477 -26.1428571428571 0
-70.5390476190477 -22.5728571428571 0
38.2509523809524 -5.53285714285715 0
-23.3090476190476 -4.78285714285715 0
-60.4990476190476 -1.69285714285712 0
-87.9390476190476 0.377142857142871 0
37.7709523809523 22.0671428571429 0
-20.9490476190476 18.8671428571429 0
-55.0990476190477 18.9071428571428 0
-80.8190476190476 17.6871428571429 0
40.5409523809524 52.7271428571428 0
-8.37904761904764 46.6971428571429 0
-34.6590476190477 43.2471428571429 0
-57.2490476190476 38.7371428571429 0
