118.079523809524 39.9461904761905
104.639523809524 -7.2938095238095
73.8195238095238 -36.8238095238095
40.8095238095238 -52.9738095238095
10.0495238095238 -60.7038095238095
61.9795238095238 -31.5338095238095
-2.52047619047619 -33.6338095238095
-39.5904761904762 -33.7638095238095
-67.1404761904762 -32.1738095238095
57.7895238095238 3.5161904761905
-15.8604761904762 -5.9238095238095
-59.9904761904762 -8.5438095238095
-88.0104761904762 -10.4838095238095
50.0095238095238 36.4961904761905
-17.6304761904762 21.6161904761905
-57.4304761904762 15.5261904761905
-83.9104761904762 9.61619047619052
42.9695238095238 65.2861904761905
-14.7704761904762 49.7661904761905
-45.4404761904762 40.4861904761905
-67.8504761904762 31.5961904761905
