73.2757142857143 35.7680952380953 0
69.7057142857143 7.89809523809527 0
57.1757142857143 -19.0319047619048 0
54.2757142857143 -42.8619047619048 0
54.6957142857143 -64.5819047619048 0
39.4857142857143 -17.5819047619048 0
-6.06428571428569 -22.4719047619048 0
-35.6642857142857 -26.5119047619048 0
-58.8742857142857 -29.4119047619048 0
36.8257142857143 3.37809523809523 0
-11.9542857142857 -4.66190476190476 0
-46.4442857142857 -8.97190476190477 0
-69.8842857142857 -12.8519047619048 0
33.3657142857143 25.1780952380952 0
-13.4142857142857 16.6680952380952 0
-45.6542857142857 10.0880952380953 0
-66.0642857142857 3.53809523809525 0
29.4857142857143 46.6880952380952 0
-9.16428571428571 39.6580952380953 0
-33.6442857142857 33.2580952380952 0
-51.4642857142857 26.8180952380952 0
