123.61 58.6757142857143 0
119.48 11.7357142857143 0
93.1999999999999 -30.5642857142857 0
72.8899999999999 -65.7542857142857 0
70.7099999999999 -94.6142857142857 0
52.73 -22.1842857142857 0
-7.16000000000008 -30.7942857142856 0
-46.15 -34.1242857142857 0
-77.0000000000001 -35.4542857142857 0
42.2599999999999 2.50571428571436 0
-25.6600000000001 -5.63428571428568 0
-70.2 -10.1842857142857 0
-103.12 -14.4442857142857 0
35.2699999999999 30.9457142857144 0
-28.1200000000001 21.6157142857143 0
-69.04 16.5357142857143 0
-100.01 11.2757142857143 0
32.6199999999999 61.9357142857143 0
-12.64 50.8157142857143 0
-40.08 43.3057142857143 0
-63.5900000000001 34.4057142857143 0
