117.437619047619 40.46 0
112.017619047619 -4.34999999999997 0
84.1576190476191 -38.09 0
61.417619047619 -65.8 0
58.3976190476191 -90.27 0
38.877619047619 -29.99 0
-11.5423809523809 -33.31 0
-43.942380952381 -29.89 0
-68.4823809523809 -24.83 0
29.927619047619 -3.84999999999997 0
-25.612380952381 -4.61999999999995 0
-60.4123809523809 -0.769999999999982 0
-86.772380952381 2.70000000000005 0
26.627619047619 24.0700000000001 0
-23.822380952381 21.31 0
-55.572380952381 22.68 0
-80.212380952381 24.48 0
28.867619047619 52 0
-10.372380952381 47.37 0
-34.872380952381 46.02 0
-56.112380952381 44.68 0
