149.193333333333 37.0895238095238 0
131.353333333333 -22.9404761904762 0
75.9633333333334 -54.4804761904762 0
22.9633333333334 -46.0704761904762 0
-14.1466666666666 -36.4904761904762 0
74.4933333333334 -47.5304761904762 0
-1.5766666666666 -46.4004761904762 0
-49.3366666666666 -44.0004761904762 0
-88.4466666666666 -41.0504761904762 0
67.5933333333334 -3.5704761904762 0
-12.9866666666666 -8.81047619047621 0
-67.1666666666666 -9.77047619047619 0
-108.136666666667 -10.6504761904762 0
61.1133333333334 36.4995238095238 0
-13.9766666666666 29.7195238095238 0
-63.1466666666666 24.3095238095238 0
-99.0866666666666 18.1095238095238 0
56.1033333333334 70.5695238095238 0
-5.12666666666661 61.2595238095238 0
-42.9666666666666 52.0295238095238 0
-72.6766666666666 42.1795238095238 0
