124.144761904762 65.0314285714286 0
106.174761904762 9.9314285714286 0
69.5547619047619 -45.1985714285714 0
49.8447619047619 -93.5585714285714 0
48.7747619047619 -136.198571428571 0
72.5747619047619 -56.7585714285714 0
-11.6152380952381 -53.9585714285714 0
-63.0152380952381 -42.0185714285714 0
-101.605238095238 -29.1285714285714 0
82.7747619047619 -16.9785714285714 0
-13.9952380952381 -12.7485714285714 0
-75.8052380952381 -4.33857142857141 0
-121.545238095238 3.62142857142859 0
83.3647619047619 26.1314285714286 0
-11.8652380952381 30.9914285714286 0
-70.4352380952381 34.0814285714286 0
-114.425238095238 35.7414285714286 0
75.4147619047619 69.6114285714286 0
-2.70523809523814 72.3314285714286 0
-45.6552380952381 72.5514285714286 0
-79.9552380952381 70.8614285714286 0
