25.8161904761905 68.45
-9.44380952380948 64.99
-36.1138095238095 41.49
-47.3938095238095 13.7
-48.7238095238095 -11.85
-17.0638095238095 5.01999999999998
-23.2038095238095 -25.57
-29.2138095238095 -16.1
-31.9638095238095 1.42000000000002
4.18619047619052 1.71000000000004
-3.2338095238095 -25.36
-11.3138095238095 -3.93000000000001
-13.6438095238095 17.13
24.8761904761905 1.48000000000002
19.4161904761905 -23.79
10.4161904761905 -1.07999999999998
7.80619047619052 20
46.4961904761905 2.98000000000002
47.9661904761905 -26.18
43.7461904761905 -44.43
40.5861904761905 -60.08
