40.0847619047619 111.584285714286 0
-0.785238095238071 94.2042857142857 0
-29.7052380952381 56.4342857142857 0
-32.4152380952381 13.6742857142858 0
-13.3752380952381 -16.4657142857143 0
-38.0452380952381 17.2642857142857 0
-54.9152380952381 -29.9257142857143 0
-42.6552380952381 -1.29571428571427 0
-31.1852380952381 20.3542857142858 0
-9.73523809523812 5.33428571428573 0
-22.3252380952381 -37.7957142857143 0
-13.3652380952381 -4.62571428571425 0
-7.28523809523807 13.7342857142858 0
19.5247619047619 -0.715714285714284 0
9.83476190476193 -44.3557142857143 0
10.6347619047619 -12.2757142857143 0
13.4147619047619 14.2842857142857 0
47.4547619047619 -1.40571428571428 0
49.7547619047619 -40.8257142857143 0
52.1747619047619 -65.8457142857143 0
52.9147619047619 -91.3357142857143 0
