21.8561904761905 89.914761904762 0
-13.3338095238095 70.7547619047619 0
-37.6038095238095 38.5747619047619 0
-45.4138095238095 9.38476190476194 0
-30.9238095238095 -6.93523809523805 0
-2.58380952380946 1.80476190476196 0
-20.4238095238095 -19.445238095238 0
-22.5638095238095 6.97476190476198 0
-16.7338095238095 30.164761904762 0
10.8961904761905 -2.45523809523803 0
-12.3238095238095 -27.005238095238 0
-10.3238095238095 10.1547619047619 0
-1.4238095238095 36.2647619047619 0
28.0061904761905 -6.25523809523804 0
3.09619047619054 -33.065238095238 0
3.98619047619053 3.01476190476194 0
14.0361904761905 30.2047619047619 0
46.9061904761905 -8.20523809523803 0
38.0261904761905 -51.135238095238 0
27.2761904761905 -75.595238095238 0
19.5661904761905 -97.1152380952381 0
