32.8233333333334 74.2409523809524 0
-3.67666666666656 61.1409523809523 0
-29.9966666666666 34.7509523809524 0
-40.9666666666665 5.02095238095234 0
-32.1366666666665 -16.8590476190477 0
-21.8166666666665 -0.709047619047624 0
-26.9766666666666 -23.0490476190477 0
-19.8366666666665 -0.029047619047617 0
-14.3066666666666 17.3509523809524 0
-2.72666666666657 -2.29904761904766 0
-8.48666666666657 -25.1390476190476 0
-0.78666666666652 4.80095238095237 0
2.11333333333346 22.6609523809524 0
15.6833333333335 -4.32904761904763 0
11.7333333333335 -21.9590476190476 0
15.7633333333334 6.50095238095236 0
17.9733333333335 25.6809523809524 0
35.2333333333335 -6.13904761904763 0
28.0833333333334 -35.5190476190476 0
23.2933333333335 -50.5990476190476 0
19.0133333333334 -65.5190476190476 0
