42.0366666666666 111.749047619048 0
-13.5733333333334 92.2990476190477 0
-58.7233333333334 47.9390476190476 0
-72.0633333333333 1.19904761904763 0
-59.2733333333334 -34.3509523809524 0
-31.3133333333333 3.96904761904767 0
-47.4633333333334 -16.7609523809523 0
-36.3833333333333 18.6090476190477 0
-23.6233333333333 50.5790476190476 0
-3.42333333333335 -4.69095238095235 0
-21.6533333333334 -25.9509523809523 0
-9.17333333333335 24.9390476190476 0
2.94666666666666 59.6090476190477 0
26.0166666666667 -10.6309523809524 0
7.76666666666665 -47.6809523809524 0
10.4266666666666 -3.20095238095234 0
19.6466666666666 34.8690476190476 0
61.8766666666667 -11.7009523809523 0
66.7566666666667 -65.8009523809524 0
69.1266666666667 -98.2209523809524 0
70.0666666666667 -126.770952380952 0
