20.9323809523809 72.8390476190476 0
-1.98761904761903 51.1490476190476 0
-8.54761904761904 22.1390476190476 0
-14.807619047619 1.9890476190476 0
-20.4576190476191 -10.3309523809524 0
24.832380952381 -9.2009523809524 0
-5.59761904761905 -20.9809523809524 0
-24.297619047619 -1.11095238095243 0
-33.057619047619 16.3690476190476 0
33.0323809523809 -8.00095238095241 0
-6.85761904761904 -21.6109523809524 0
-22.0676190476191 1.09904761904761 0
-28.6276190476191 20.4890476190476 0
37.192380952381 -3.28095238095239 0
-2.03761904761905 -14.9309523809524 0
-10.9076190476191 10.3490476190476 0
-9.77761904761905 29.0290476190476 0
37.582380952381 2.74904761904759 0
24.012380952381 -28.4909523809524 0
11.202380952381 -47.3209523809524 0
0.242380952380927 -62.9409523809524 0
