19.9385714285715 100.49
-10.0314285714285 67.27
-16.9114285714285 15.86
-19.2814285714285 -18.32
-28.0914285714285 -44.51
38.5385714285715 -22.22
-2.89142857142855 -33.26
-35.1214285714285 -17.71
-53.7314285714285 -4.58999999999997
52.7585714285715 -9.81999999999999
-6.67142857142852 -20.99
-30.1914285714286 5.60000000000002
-41.4514285714286 27.02
58.6085714285715 9.48000000000002
4.34857142857146 -10.41
-28.7714285714285 -2.50999999999999
-50.6514285714285 4.36000000000001
58.0685714285715 31.97
40.1185714285714 -1.17000000000002
30.2385714285714 -26.66
21.1785714285714 -49.88
