33.7076190476191 96.3380952380953 0
-5.76238095238097 69.5680952380953 0
-22.4123809523809 33.1080952380953 0
-30.302380952381 3.30809523809529 0
-32.932380952381 -21.3419047619047 0
7.62761904761902 0.558095238095291 0
-8.58238095238096 -21.0819047619047 0
-22.132380952381 -4.7019047619047 0
-29.372380952381 11.0380952380953 0
18.727619047619 -0.9519047619047 0
-4.59238095238095 -22.9019047619047 0
-15.372380952381 8.13809523809527 0
-14.332380952381 34.9880952380953 0
30.067619047619 -1.0119047619047 0
7.84761904761905 -28.7119047619047 0
-14.882380952381 -5.04190476190473 0
-23.8523809523809 18.2780952380953 0
38.297619047619 1.70809523809527 0
34.477619047619 -33.5819047619047 0
28.227619047619 -57.8519047619047 0
25.547619047619 -79.8519047619047 0
