36.4542857142859 169.037142857143
-14.4357142857141 145.767142857143
-46.005714285714 97.6371428571429
-47.375714285714 50.0371428571428
-22.8157142857141 10.2771428571428
-59.8257142857141 -1.29285714285714
-76.625714285714 -79.0828571428572
-87.0357142857141 -126.792857142857
-95.615714285714 -171.272857142857
-15.725714285714 -3.91285714285715
-14.2757142857141 -28.3328571428572
-13.255714285714 27.0271428571428
-16.235714285714 54.0171428571429
30.0642857142859 2.92714285714288
34.8442857142859 -5.97285714285715
24.2142857142859 47.1671428571428
10.504285714286 75.2071428571429
72.504285714286 12.7271428571428
89.9742857142859 -50.3528571428571
102.404285714286 -90.7928571428571
108.264285714286 -134.022857142857
