1.89571428571429 77.22
-24.9942857142858 62.56
-35.2542857142857 27.6
-19.8542857142857 1.17000000000002
3.79571428571427 -11.02
-22.7842857142857 -5.90999999999997
-26.3142857142857 -36.9
-24.5042857142857 -10.39
-20.9942857142858 7.56
-4.19428571428574 -3.40999999999997
-8.50428571428574 -25.87
-9.77428571428572 7.50999999999999
-8.83428571428573 21.18
12.8857142857143 1.44
8.43571428571425 -15.75
2.50571428571425 11.74
0.81571428571425 28.68
31.1257142857143 6.92000000000002
40.6457142857143 -26.35
48.7957142857143 -47.82
55.1057142857143 -70.16
