14.9576190476191 89.6133333333332
-14.6023809523809 85.8133333333333
-51.2223809523809 56.5133333333333
-60.652380952381 33.2333333333332
-32.682380952381 25.0033333333333
-32.3523809523809 -16.5566666666667
-38.012380952381 -38.7866666666667
-52.5323809523809 -54.8166666666667
-64.652380952381 -70.8066666666667
2.66761904761904 -17.9466666666668
-16.192380952381 -17.1166666666667
-16.372380952381 30.7933333333332
-8.00238095238097 63.2633333333333
36.9076190476191 -5.30666666666673
22.8276190476191 -15.0466666666667
6.79761904761904 -5.02666666666676
-3.27238095238096 -1.30666666666673
67.487619047619 12.1333333333333
74.977619047619 -24.4566666666668
80.097619047619 -50.9366666666667
83.8276190476191 -78.2566666666668
