4.49333333333345 222.040952380952
-46.9766666666666 185.130952380952
-75.8766666666666 127.880952380952
-42.4766666666666 86.6509523809524
6.76333333333343 64.4309523809524
-52.0966666666666 23.0209523809524
-66.1066666666666 -56.0590476190476
-69.9266666666665 -104.149047619048
-74.0766666666666 -149.089047619048
-4.31666666666661 18.3709523809524
-3.11666666666656 -78.4390476190476
3.1933333333335 -134.929047619048
6.86333333333346 -183.969047619048
36.9833333333335 35.5409523809524
49.2233333333335 -41.5990476190476
54.1133333333335 -91.0690476190476
60.1133333333335 -139.099047619048
73.9033333333334 71.6009523809524
61.6933333333335 18.2909523809524
43.6433333333334 46.4409523809524
33.9833333333335 79.0009523809524
