18.1280952380952 75.9957142857143
-6.98190476190473 73.0657142857143
-26.0119047619048 46.1657142857143
-18.6719047619048 24.8057142857143
-2.75190476190477 13.2857142857143
-14.1919047619048 15.9357142857143
-24.6819047619048 -10.4542857142857
-33.7319047619047 -33.1642857142857
-41.5319047619047 -51.1242857142857
5.94809523809522 8.60571428571433
4.75809523809522 -21.7342857142857
-1.49190476190478 -46.0242857142857
-8.07190476190476 -66.2542857142857
27.0780952380952 8.14571428571432
18.7680952380953 -21.8742857142857
6.53809523809525 -36.0642857142857
-2.15190476190475 -46.9442857142857
48.6380952380952 15.0957142857143
30.9680952380953 4.78571428571433
15.0480952380952 16.9957142857143
4.39809523809527 30.7557142857143
