29.6561904761904 115.340952380952
-2.00380952380959 112.280952380952
-25.8238095238096 81.3509523809524
-17.7838095238096 46.1609523809524
2.49619047619041 23.6209523809524
-28.9438095238096 23.9609523809524
-49.9138095238096 -14.8990476190476
-60.6438095238096 -42.1290476190476
-68.6738095238096 -66.3590476190476
-2.8038095238096 11.5909523809524
-11.4138095238096 -34.5090476190476
-13.4738095238096 -65.9290476190476
-14.7538095238096 -91.9690476190476
23.8861904761904 13.2809523809524
29.9561904761904 -33.5490476190476
32.3861904761904 -65.8690476190476
34.8361904761904 -91.4990476190476
50.2961904761904 25.2409523809524
43.5561904761904 3.93095238095236
30.2061904761904 16.7209523809524
18.9561904761904 33.2309523809524
