7.56428571428575 90.3500000000001
-18.4757142857143 88.3500000000001
-40.5857142857142 70.9800000000001
-28.2157142857142 57.28
-2.00571428571425 51.09
-29.9857142857143 14.22
-33.6457142857142 -28.7
-32.9557142857142 -57.0399999999999
-30.0957142857142 -81.8099999999999
-4.72571428571428 12.3500000000001
-3.05571428571426 -35.92
1.43428571428575 -69.2899999999999
7.21428571428572 -99.6599999999999
17.9342857142857 21.0000000000001
21.8542857142858 -23.95
24.0042857142857 -53.1599999999999
27.7742857142857 -79.67
40.7042857142857 38.71
37.0842857142857 17.6700000000001
24.5642857142857 26.8000000000001
13.6142857142858 40.4
