9.99380952380955 119.140952380952
-17.6461904761904 99.5909523809523
-28.6061904761905 67.2809523809523
-23.5161904761904 39.3909523809523
-16.9761904761905 14.8209523809523
-20.5461904761905 17.8209523809523
-34.3761904761905 -23.3290476190477
-42.2361904761905 -52.7190476190476
-46.7461904761905 -77.9490476190476
3.25380952380954 14.7109523809523
10.4738095238096 -34.4690476190476
15.9538095238095 -67.2090476190477
20.8638095238096 -92.5390476190476
22.8738095238095 23.9209523809524
32.0638095238095 -17.8690476190476
31.3438095238096 -46.6590476190476
30.7338095238096 -69.3290476190477
39.2238095238096 41.2209523809523
24.4238095238096 19.8709523809524
3.85380952380956 13.6609523809524
-14.4061904761904 10.6409523809523
