41.1480952380953 127.12380952381
-0.611904761904725 129.65380952381
-22.6719047619047 97.3038095238095
-2.11190476190473 62.3138095238095
32.3580952380953 32.9938095238095
-35.8519047619047 33.6538095238096
-64.9919047619047 -18.1461904761904
-84.2119047619047 -45.1361904761904
-96.7919047619047 -67.5561904761904
1.7980952380953 17.4738095238096
-17.0319047619047 -46.9461904761905
-27.6019047619047 -88.5161904761904
-34.8219047619047 -121.47619047619
40.1280952380953 12.1938095238095
27.0880952380953 -34.9261904761905
6.64809523809527 -70.4061904761904
-9.72190476190474 -99.0361904761905
78.9780952380952 15.2038095238096
68.9780952380952 1.06380952380954
55.4080952380953 20.7238095238096
43.8880952380953 42.4438095238095
