-47.9090909090909 104.227272727273
-6.90909090909091 73.2272727272727
35.0909090909091 52.2272727272727
76.0909090909091 21.2272727272727
127.090909090909 21.2272727272727
4.09090909090909 20.2272727272727
24.0909090909091 -30.7727272727273
15.0909090909091 -73.7727272727273
24.0909090909091 -104.772727272727
-26.9090909090909 10.2272727272727
4.09090909090909 -21.7727272727273
14.0909090909091 21.2272727272727
24.0909090909091 -124.772727272727
-47.9090909090909 10.2272727272727
-6.90909090909091 -20.7727272727273
-6.90909090909091 21.2272727272727
-26.9090909090909 42.2272727272727
-67.9090909090909 0.22727272727272
-37.9090909090909 -20.7727272727273
-26.9090909090909 -0.77272727272728
-27.9090909090909 11.2272727272727
