160.181818181818 -184.090909090909
38.1818181818182 45.9090909090909
52.1818181818182 60.9090909090909
80.1818181818182 41.9090909090909
99.1818181818182 30.9090909090909
39.1818181818182 5.90909090909093
55.1818181818182 -0.0909090909090651
57.1818181818182 5.90909090909093
56.1818181818182 -16.0909090909091
-7.81818181818181 -24.0909090909091
-6.81818181818181 -47.0909090909091
-22.8181818181818 -6.09090909090907
-35.8181818181818 33.9090909090909
-43.8181818181818 -23.0909090909091
-54.8181818181818 -27.0909090909091
-49.8181818181818 13.9090909090909
-52.8181818181818 46.9090909090909
-67.8181818181818 -16.0909090909091
-81.8181818181818 -17.0909090909091
-82.8181818181818 12.9090909090909
-78.8181818181818 37.9090909090909
