203.363636363636 -135.136363636364 0
-23.6363636363636 42.8636363636364 0
18.3636363636364 41.8636363636364 0
28.3636363636364 10.8636363636364 0
28.3636363636364 -20.1363636363636 0
-2.63636363636363 31.8636363636364 0
28.3636363636364 41.8636363636364 0
38.3636363636364 10.8636363636364 0
28.3636363636364 -21.1363636363636 0
-13.6363636363636 31.8636363636364 0
-2.63636363636363 20.8636363636364 0
-2.63636363636363 -9.13636363636363 0
-2.63636363636363 -31.1363636363636 0
-33.6363636363636 21.8636363636364 0
-23.6363636363636 10.8636363636364 0
-23.6363636363636 -10.1363636363636 0
-23.6363636363636 -31.1363636363636 0
-54.6363636363636 10.8636363636364 0
-53.6363636363636 10.8636363636364 0
-44.6363636363636 -10.1363636363636 0
-44.6363636363636 -30.1363636363636 0
-23.6363636363636 10.8636363636364 0
