32.5 47.2727272727273
4.5 48.2727272727273
32.5 31.2727272727273
62.5 1.27272727272725
56.5 -24.7272727272727
27.5 -3.72727272727275
38.5 -16.7272727272727
33.5 -12.7272727272727
29.5 -4.72727272727275
-5.5 6.27272727272725
5.5 -25.7272727272727
6.5 -7.72727272727275
2.5 5.27272727272725
-27.5 3.27272727272725
-22.5 -26.7272727272727
-21.5 -11.7272727272727
-20.5 5.27272727272725
-50.5 4.27272727272725
-53.5 -15.7272727272727
-47.5 -1.72727272727275
-43.5 5.27272727272725
-39.5 -5.72727272727275
