-33.1818181818182 49.3181818181818 0
-2.18181818181819 48.3181818181818 0
38.8181818181818 38.3181818181818 0
39.8181818181818 27.3181818181818 0
49.8181818181818 7.31818181818181 0
27.8181818181818 7.31818181818181 0
48.8181818181818 -23.6818181818182 0
38.8181818181818 -3.68181818181819 0
28.8181818181818 17.3181818181818 0
7.81818181818181 -13.6818181818182 0
18.8181818181818 -34.6818181818182 0
7.81818181818181 -2.68181818181819 0
-2.18181818181819 17.3181818181818 0
-23.1818181818182 -13.6818181818182 0
-12.1818181818182 -44.6818181818182 0
-12.1818181818182 -3.68181818181819 0
-23.1818181818182 17.3181818181818 0
-44.1818181818182 -13.6818181818182 0
-43.1818181818182 -34.6818181818182 0
-34.1818181818182 -13.6818181818182 0
-43.1818181818182 -2.68181818181819 0
-34.1818181818182 -24.6818181818182 0
