-32.3636363636364 81.3636363636364 0
8.63636363636363 60.3636363636364 0
39.6363636363636 29.3636363636364 0
50.6363636363636 -1.63636363636363 0
60.6363636363636 -33.6363636363636 0
29.6363636363636 -12.6363636363636 0
39.6363636363636 -33.6363636363636 0
29.6363636363636 -2.63636363636363 0
70.6363636363636 -33.6363636363636 0
-1.36363636363637 -12.6363636363636 0
8.63636363636363 -33.6363636363636 0
18.6363636363636 -2.63636363636363 0
8.63636363636363 28.3636363636364 0
-32.3636363636364 -2.63636363636363 0
-22.3636363636364 -33.6363636363636 0
-11.3636363636364 -2.63636363636363 0
-21.3636363636364 28.3636363636364 0
-63.3636363636364 -1.63636363636363 0
-52.3636363636364 -23.6363636363636 0
-42.3636363636364 -2.63636363636363 0
-42.3636363636364 18.3636363636364 0
-43.3636363636364 -12.6363636363636 0
