324.227272727273 79.2272727272727 0
-5.77272727272728 58.2272727272727 0
5.22727272727272 6.22727272727275 0
35.2272727272727 5.22727272727275 0
25.2272727272727 -25.7727272727273 0
14.2272727272727 -14.7727272727273 0
25.2272727272727 -35.7727272727273 0
25.2272727272727 -4.77272727272725 0
15.2272727272727 16.2272727272727 0
-25.7727272727273 -4.77272727272725 0
-5.77272727272728 -36.7727272727273 0
4.22727272727272 -4.77272727272725 0
-5.77272727272728 26.2272727272727 0
-46.7727272727273 -4.77272727272725 0
-36.7727272727273 -36.7727272727273 0
-26.7727272727273 -4.77272727272725 0
-25.7727272727273 26.2272727272727 0
-67.7727272727273 -14.7727272727273 0
-66.7727272727273 -25.7727272727273 0
-56.7727272727273 -4.77272727272725 0
-46.7727272727273 16.2272727272727 0
-56.7727272727273 -14.7727272727273 0
