-61.5909090909091 71.0454545454546 0
-20.5909090909091 50.0454545454546 0
0.409090909090907 29.0454545454546 0
237.409090909091 -74.9545454545454 0
268.409090909091 -53.9545454545454 0
-10.5909090909091 29.0454545454546 0
10.4090909090909 29.0454545454546 0
20.4090909090909 -1.95454545454544 0
20.4090909090909 -22.9545454545454 0
-20.5909090909091 18.0454545454546 0
-9.59090909090909 -2.95454545454544 0
-10.5909090909091 -12.9545454545454 0
-9.59090909090909 -22.9545454545454 0
-41.5909090909091 8.04545454545456 0
-31.5909090909091 -12.9545454545454 0
-31.5909090909091 -12.9545454545454 0
-30.5909090909091 -22.9545454545454 0
-62.5909090909091 28.0454545454546 0
-61.5909090909091 -2.95454545454544 0
-61.5909090909091 -1.95454545454544 0
-61.5909090909091 -2.95454545454544 0
-31.5909090909091 -12.9545454545454 0
