-23.2272727272727 98.7727272727273
17.7727272727273 56.7727272727273
49.7727272727273 15.7727272727273
49.7727272727273 -16.2272727272727
18.7727272727273 -37.2272727272727
38.7727272727273 -5.22727272727275
38.7727272727273 -37.2272727272727
28.7727272727273 -27.2272727272727
28.7727272727273 -16.2272727272727
-2.22727272727272 4.77272727272725
7.77272727272728 -37.2272727272727
7.77272727272728 -5.22727272727275
7.77272727272728 15.7727272727273
-23.2272727272727 -6.22727272727275
-13.2272727272727 -26.2272727272727
-13.2272727272727 4.77272727272725
-22.2272727272727 25.7727272727273
-44.2272727272727 -6.22727272727275
-43.2272727272727 -26.2272727272727
-43.2272727272727 4.77272727272725
-43.2272727272727 14.7727272727273
-23.2272727272727 4.77272727272725
