-22.5909090909091 49.5909090909091 0
8.40909090909091 38.5909090909091 0
38.4090909090909 17.5909090909091 0
39.4090909090909 -13.4090909090909 0
28.4090909090909 -24.4090909090909 0
18.4090909090909 6.59090909090907 0
28.4090909090909 -24.4090909090909 0
28.4090909090909 -23.4090909090909 0
28.4090909090909 -3.40909090909093 0
-2.59090909090909 -3.40909090909093 0
8.40909090909091 -24.4090909090909 0
8.40909090909091 -3.40909090909093 0
7.40909090909091 7.59090909090907 0
-22.5909090909091 -3.40909090909093 0
-12.5909090909091 -24.4090909090909 0
-12.5909090909091 -3.40909090909093 0
-2.59090909090909 17.5909090909091 0
-33.5909090909091 6.59090909090907 0
-43.5909090909091 -13.4090909090909 0
-33.5909090909091 6.59090909090907 0
-23.5909090909091 17.5909090909091 0
-32.5909090909091 -3.40909090909093 0
