24.8636363636364 57.7727272727273
45.8636363636364 37.7727272727273
46.8636363636364 47.7727272727273
35.8636363636364 37.7727272727273
35.8636363636364 -4.22727272727275
45.8636363636364 6.77272727272725
56.8636363636364 -25.2272727272727
45.8636363636364 -4.22727272727275
35.8636363636364 6.77272727272725
14.8636363636364 16.7727272727273
24.8636363636364 -35.2272727272727
-5.13636363636363 -4.22727272727275
-5.13636363636363 5.77272727272725
-16.1363636363636 26.7727272727273
-46.1363636363636 -56.2272727272727
-37.1363636363636 -46.2272727272727
-16.1363636363636 -36.2272727272727
-37.1363636363636 27.7727272727273
-68.1363636363636 -4.22727272727275
-68.1363636363636 -15.2272727272727
-46.1363636363636 -25.2272727272727
-68.1363636363636 -15.2272727272727
