-20.9090909090909 68 0
11.0909090909091 68 0
62.0909090909091 37 0
62.0909090909091 -5 0
41.0909090909091 -47 0
41.0909090909091 -26 0
41.0909090909091 -37 0
41.0909090909091 -26 0
41.0909090909091 -5 0
10.0909090909091 -26 0
10.0909090909091 -47 0
10.0909090909091 -5 0
10.0909090909091 26 0
-20.9090909090909 -16 0
-29.9090909090909 -36 0
-20.9090909090909 5 0
-20.9090909090909 37 0
-50.9090909090909 -6 0
-61.9090909090909 -16 0
-51.9090909090909 15 0
-50.9090909090909 37 0
-51.9090909090909 5 0
