-41.5454545454545 60.5 0
-0.545454545454533 39.5 0
30.4545454545455 39.5 0
40.4545454545455 19.5 0
30.4545454545455 -2.5 0
92.4545454545455 -43.5 0
40.4545454545455 -1.5 0
30.4545454545455 -12.5 0
20.4545454545455 -1.5 0
-10.5454545454545 39.5 0
19.4545454545455 -22.5 0
9.45454545454547 -22.5 0
-0.545454545454533 -22.5 0
-20.5454545454545 -2.5 0
-0.545454545454533 -22.5 0
-10.5454545454545 -22.5 0
-10.5454545454545 -1.5 0
-52.5454545454545 8.5 0
-51.5454545454545 -12.5 0
-41.5454545454545 -12.5 0
-31.5454545454545 8.5 0
-41.5454545454545 -12.5 0
