38.5742857142858 105.090476190476 0
-0.285714285714221 103.960476190476 0
-31.2857142857142 82.4504761904761 0
-51.8957142857142 58.9904761904762 0
-74.4657142857142 45.6504761904762 0
-14.3157142857143 27.1404761904761 0
-27.7657142857142 -10.4295238095239 0
-33.5857142857142 -35.8095238095239 0
-37.1357142857142 -57.7795238095239 0
8.36428571428576 17.6604761904761 0
-4.33571428571423 -25.7095238095239 0
-12.0757142857142 -54.4695238095238 0
-18.2157142857142 -78.6395238095239 0
31.5342857142858 16.9604761904762 0
21.5742857142858 -23.2495238095239 0
13.5342857142858 -48.3695238095239 0
6.18428571428575 -69.7895238095238 0
55.6442857142858 23.4304761904762 0
49.7942857142858 -7.38952380952384 0
43.6342857142858 -26.4095238095238 0
36.5242857142858 -43.2895238095238 0
