12.8076190476191 150.384285714286 0
-26.1323809523809 121.894285714286 0
-45.9723809523809 77.4742857142858 0
-48.5423809523809 35.3842857142858 0
-55.5123809523809 -0.645714285714234 0
-27.8423809523809 30.1442857142858 0
-31.5323809523809 -20.9657142857142 0
-30.7823809523809 -51.0857142857142 0
-28.4623809523809 -77.5257142857142 0
-1.00238095238092 26.8742857142858 0
-3.22238095238089 -29.2157142857142 0
-4.2123809523809 -63.9257142857142 0
-4.87238095238092 -93.5957142857142 0
23.8876190476191 33.4942857142858 0
24.3776190476191 -18.4657142857142 0
23.8376190476191 -48.7557142857142 0
22.2476190476191 -75.0957142857142 0
49.2476190476191 47.7242857142858 0
51.3576190476191 9.42428571428579 0
50.9976190476191 -15.5257142857142 0
49.3276190476191 -37.9957142857142 0
