48.9766666666666 103.567142857143
10.0666666666667 100.837142857143
-18.8733333333333 79.9071428571429
-34.3433333333334 54.6871428571429
-37.8533333333334 33.9671428571429
-17.8133333333333 26.7871428571429
-33.0533333333333 -4.07285714285709
-40.2633333333334 -23.3128571428571
-45.3333333333334 -41.2328571428571
2.34666666666664 14.6071428571429
-8.03333333333336 -24.1728571428571
-12.8533333333334 -48.5428571428571
-16.5833333333334 -68.5728571428571
22.4766666666666 12.0471428571429
14.3666666666667 -25.2128571428571
9.41666666666663 -48.1928571428571
5.49666666666667 -67.2528571428571
44.2066666666666 15.6771428571429
39.4866666666666 -13.5028571428571
36.0566666666667 -31.1528571428571
32.1066666666666 -46.8628571428571
