44.2633333333333 116.164761904762
1.43333333333334 112.424761904762
-31.1066666666667 79.5447619047618
-44.7366666666667 44.3747619047618
-57.1166666666667 19.2447619047618
-19.0066666666667 29.0147619047619
-29.0266666666666 -10.5652380952382
-30.7866666666667 -34.6252380952382
-30.8466666666666 -55.1352380952382
4.24333333333334 19.1547619047618
-7.09666666666664 -23.5052380952382
-11.0166666666667 -50.5752380952381
-13.6066666666667 -72.2352380952382
26.2133333333333 19.2647619047619
16.6333333333333 -21.3152380952382
11.2033333333333 -46.4652380952382
6.92333333333335 -67.0052380952382
51.2433333333333 23.8447619047618
44.0733333333333 -7.98523809523817
37.5733333333333 -27.7252380952382
30.5433333333334 -45.8952380952382
