19.5195238095238 133.006666666667 0
-16.4104761904762 120.386666666667 0
-35.0204761904762 77.2766666666666 0
-34.4504761904762 38.9466666666666 0
-40.1604761904762 8.37666666666655 0
-18.0804761904762 31.7366666666666 0
-26.7204761904762 -10.8533333333334 0
-29.4404761904762 -38.2433333333334 0
-29.3504761904762 -61.3233333333334 0
3.74952380952379 25.1666666666666 0
-5.59047619047618 -22.9833333333334 0
-9.8204761904762 -54.0233333333334 0
-12.2504761904762 -79.1233333333334 0
25.5995238095238 28.4766666666666 0
18.6495238095238 -20.8433333333334 0
13.0895238095238 -52.3033333333334 0
9.60952380952381 -77.0433333333334 0
50.0195238095238 37.9466666666666 0
44.8895238095238 -3.18333333333339 0
39.0095238095238 -29.5533333333334 0
33.1595238095238 -51.8433333333334 0
