20.9304761904762 155.861904761905
-21.3795238095238 143.051904761905
-51.4795238095238 93.3619047619048
-65.5795238095238 50.7519047619048
-86.8095238095238 23.2119047619047
-26.8395238095238 33.4019047619047
-29.1495238095238 -20.2280952380952
-28.2295238095238 -53.7880952380953
-26.3795238095238 -81.7180952380953
1.53047619047624 27.3719047619048
-1.09952380952376 -33.5280952380952
-0.469523809523764 -73.2780952380952
-0.179523809523801 -104.698095238095
28.2504761904762 33.9719047619047
26.4904761904762 -24.3980952380952
28.8204761904762 -60.8380952380952
30.5604761904762 -90.5880952380952
53.7304761904762 49.9919047619048
50.8204761904762 4.69190476190477
49.3104761904762 -24.0780952380952
47.1504761904762 -48.5280952380952
