33.2766666666667 132.770952380952 0
-13.9033333333333 117.770952380952 0
-47.0533333333333 80.3809523809524 0
-63.9233333333333 47.5609523809524 0
-84.5033333333333 27.0609523809524 0
-27.6233333333333 28.1209523809524 0
-34.5333333333333 -16.3090476190476 0
-34.9633333333333 -43.6690476190476 0
-33.5733333333333 -66.6790476190476 0
-0.033333333333303 20.9909523809524 0
-3.86333333333329 -27.7790476190476 0
-3.43333333333328 -58.4590476190476 0
-2.59333333333331 -83.5090476190476 0
26.7166666666667 23.9709523809524 0
24.0366666666667 -22.2590476190476 0
22.5766666666667 -50.3790476190476 0
20.9866666666667 -74.3490476190476 0
54.4466666666667 34.6609523809524 0
56.2066666666667 -1.37904761904758 0
56.3466666666667 -24.0390476190476 0
55.4066666666667 -44.4790476190476 0
