20.6261904761905 148.367142857143
-28.5238095238096 125.577142857143
-58.1138095238096 77.0071428571429
-75.6638095238096 35.2071428571429
-98.9138095238096 8.43714285714293
-27.4338095238095 28.907142857143
-33.1138095238096 -23.3028571428571
-34.7338095238096 -54.0028571428571
-35.6038095238096 -83.9728571428571
2.64619047619044 27.1071428571429
-1.12380952380954 -26.412857142857
-5.50380952380954 -60.462857142857
-10.1038095238096 -92.6228571428571
32.2661904761904 35.0171428571429
30.0861904761904 -13.6228571428571
23.1261904761905 -44.3328571428571
15.4061904761904 -73.1828571428571
63.9561904761904 49.7571428571429
71.7261904761904 6.83714285714296
74.4361904761905 -21.532857142857
74.5561904761905 -48.772857142857
