43.1285714285714 135.71380952381
-8.19142857142862 127.05380952381
-41.2414285714286 93.6838095238095
-53.4414285714286 58.7138095238095
-58.6914285714286 32.3538095238095
-21.5514285714286 30.1138095238095
-33.3914285714286 -15.4461904761905
-35.6114285714286 -43.1661904761905
-35.5614285714286 -67.2661904761905
4.24857142857138 20.5038095238095
-8.17142857142858 -28.9161904761905
-13.3514285714286 -60.2361904761905
-17.2514285714286 -86.1461904761905
29.3485714285714 21.5938095238095
19.6085714285714 -25.0461904761904
12.2185714285714 -53.5861904761905
7.07857142857142 -77.7861904761905
58.7385714285714 29.6738095238095
55.0685714285714 -8.05619047619047
50.7385714285714 -31.0361904761905
46.2785714285714 -52.7161904761905
