12.0454545454545 94.9090909090909
19.0454545454545 59.9090909090909
36.0454545454545 47.9090909090909
23.0454545454545 34.9090909090909
67.0454545454545 20.9090909090909
-7.95454545454547 28.9090909090909
17.0454545454545 9.90909090909091
31.0454545454545 -5.09090909090909
35.0454545454545 -22.0909090909091
-19.9545454545455 25.9090909090909
-4.95454545454547 -20.0909090909091
10.0454545454545 -46.0909090909091
10.0454545454545 -48.0909090909091
-28.9545454545455 24.9090909090909
-21.9545454545455 -20.0909090909091
-12.9545454545455 -52.0909090909091
-13.9545454545455 -48.0909090909091
-36.9545454545455 28.9090909090909
-35.9545454545455 -1.09090909090909
-24.9545454545455 -26.0909090909091
-29.9545454545455 -53.0909090909091
