-39.9090909090909 117.454545454545
203.090909090909 20.4545454545455
234.090909090909 26.4545454545455
-30.9090909090909 71.4545454545455
222.090909090909 67.4545454545455
-9.90909090909091 40.4545454545455
2.09090909090909 12.4545454545455
17.0909090909091 1.45454545454547
25.0909090909091 -7.54545454545453
-29.9090909090909 36.4545454545455
-25.9090909090909 -20.5454545454545
2.09090909090909 -38.5454545454545
13.0909090909091 -77.5454545454545
-59.9090909090909 17.4545454545455
-56.9090909090909 -22.5454545454545
-59.9090909090909 -41.5454545454545
-27.9090909090909 -79.5454545454545
-69.9090909090909 4.45454545454547
-72.9090909090909 -12.5454545454545
-86.9090909090909 -25.5454545454545
-84.9090909090909 -48.5454545454545
