-44.2272727272727 118.227272727273
198.772727272727 17.2272727272727
228.772727272727 26.2272727272727
-27.2272727272727 75.2272727272727
227.772727272727 68.2272727272727
-9.22727272727272 47.2272727272727
11.7727272727273 5.22727272727272
20.7727272727273 -4.77272727272728
24.7727272727273 -8.77272727272728
-43.2272727272727 26.2272727272727
-28.2272727272727 -20.7727272727273
-8.22727272727272 -35.7727272727273
7.77272727272728 -77.7727272727273
-54.2272727272727 18.2272727272727
-57.2272727272727 -19.7727272727273
-55.2272727272727 -40.7727272727273
-31.2272727272727 -76.7727272727273
-66.2272727272727 6.22727272727272
-70.2272727272727 -5.77272727272728
-88.2272727272727 -24.7727272727273
-86.2272727272727 -52.7727272727273
