-49.8181818181818 107.318181818182
200.181818181818 15.3181818181818
233.181818181818 25.3181818181818
-25.8181818181818 73.3181818181818
218.181818181818 76.3181818181818
-17.8181818181818 42.3181818181818
2.18181818181819 5.31818181818181
19.1818181818182 5.31818181818181
25.1818181818182 -13.6818181818182
-28.8181818181818 25.3181818181818
-19.8181818181818 -18.6818181818182
-3.81818181818181 -46.6818181818182
3.18181818181819 -66.6818181818182
-48.8181818181818 22.3181818181818
-51.8181818181818 -14.6818181818182
-59.8181818181818 -36.6818181818182
-27.8181818181818 -73.6818181818182
-70.8181818181818 4.31818181818181
-70.8181818181818 -6.68181818181819
-88.8181818181818 -30.6818181818182
-81.8181818181818 -53.6818181818182
