-43.3636363636364 115.5 0
-2.36363636363637 104.5 0
28.6363636363636 84.5 0
59.6363636363636 62.5 0
79.6363636363636 42.5 0
18.6363636363636 32.5 0
28.6363636363636 0.5 0
38.6363636363636 -31.5 0
38.6363636363636 -62.5 0
-12.3636363636364 21.5 0
7.63636363636363 -20.5 0
17.6363636363636 -52.5 0
18.6363636363636 -83.5 0
-33.3636363636364 21.5 0
-22.3636363636364 -20.5 0
-12.3636363636364 -51.5 0
-2.36363636363637 -72.5 0
-53.3636363636364 21.5 0
-44.3636363636364 -9.5 0
-43.3636363636364 -30.5 0
-33.3636363636364 -51.5 0
-33.3636363636364 -20.5 0
