-20.7727272727273 130 0
9.22727272727272 112 0
16.2272727272727 62 0
33.2272727272727 35 0
51.2272727272727 21 0
20.2272727272727 44 0
28.2272727272727 1 0
32.2272727272727 -33 0
31.2272727272727 -66 0
-0.77272727272728 35 0
5.22727272727272 -20 0
9.22727272727272 -52 0
11.2272727272727 -85 0
-22.7727272727273 35 0
-14.7727272727273 -17 0
-11.7727272727273 -48 0
-4.77272727272728 -82 0
-35.7727272727273 37 0
-36.7727272727273 -6 0
-34.7727272727273 -26 0
-33.7727272727273 -52 0
-30.7727272727273 -25 0
