-53.5 100.863636363636 0
-12.5 100.863636363636 0
19.5 80.8636363636364 0
29.5 59.8636363636364 0
39.5 27.8636363636364 0
18.5 37.8636363636364 0
29.5 -3.13636363636363 0
39.5 -24.1363636363636 0
49.5 -45.1363636363636 0
-1.5 27.8636363636364 0
8.5 -14.1363636363636 0
18.5 -45.1363636363636 0
18.5 -76.1363636363636 0
-22.5 17.8636363636364 0
-12.5 -24.1363636363636 0
-2.5 -45.1363636363636 0
-1.5 -66.1363636363636 0
-43.5 17.8636363636364 0
-33.5 -14.1363636363636 0
-32.5 -35.1363636363636 0
-22.5 -55.1363636363636 0
-32.5 -24.1363636363636 0
