41.5454545454546 130.090909090909 0
0.545454545454561 109.090909090909 0
-31.4545454545454 78.0909090909091 0
-51.4545454545454 46.0909090909091 0
-61.4545454545454 15.0909090909091 0
-10.4545454545454 36.0909090909091 0
-30.4545454545454 -5.90909090909091 0
-31.4545454545454 -36.9090909090909 0
-31.4545454545454 -57.9090909090909 0
10.5454545454546 26.0909090909091 0
-10.4545454545454 -15.9090909090909 0
-10.4545454545454 -47.9090909090909 0
-20.4545454545454 -78.9090909090909 0
30.5454545454546 26.0909090909091 0
10.5454545454546 -15.9090909090909 0
9.54545454545456 -47.9090909090909 0
0.545454545454561 -77.9090909090909 0
51.5454545454546 26.0909090909091 0
41.5454545454546 -5.90909090909091 0
31.5454545454546 -26.9090909090909 0
30.5454545454546 -47.9090909090909 0
30.5454545454546 -26.9090909090909 0
