-21.4545454545455 136.818181818182
9.54545454545453 115.818181818182
31.5454545454545 84.8181818181818
40.5454545454545 42.8181818181818
50.5454545454545 10.8181818181818
20.5454545454545 42.8181818181818
30.5454545454545 -9.18181818181819
30.5454545454545 -40.1818181818182
30.5454545454545 -62.1818181818182
-0.454545454545467 32.8181818181818
9.54545454545453 -20.1818181818182
9.54545454545453 -51.1818181818182
9.54545454545453 -83.1818181818182
-31.4545454545455 31.8181818181818
-11.4545454545455 -20.1818181818182
-10.4545454545455 -51.1818181818182
-0.454545454545467 -82.1818181818182
-51.4545454545455 31.8181818181818
-41.4545454545455 -9.18181818181819
-41.4545454545455 -30.1818181818182
-31.4545454545455 -51.1818181818182
-31.4545454545455 -20.1818181818182
