-31 106.318181818182 0
0 85.3181818181818 0
20 64.3181818181818 0
51 33.3181818181818 0
62 22.3181818181818 0
10 23.3181818181818 0
20 -8.68181818181819 0
30 -29.6818181818182 0
30 -60.6818181818182 0
-1 23.3181818181818 0
0 -18.6818181818182 0
10 -40.6818181818182 0
10 -70.6818181818182 0
-21 22.3181818181818 0
-21 -8.68181818181819 0
-11 -39.6818181818182 0
-1 -60.6818181818182 0
-42 23.3181818181818 0
-32 1.31818181818181 0
-31 -18.6818181818182 0
-21 -29.6818181818182 0
-31 -18.6818181818182 0
