-24.5454545454546 155 0
16.4545454545454 134 0
48.4545454545454 102 0
68.4545454545454 50 0
89.4545454545454 19 0
27.4545454545454 40 0
37.4545454545454 -2 0
37.4545454545454 -44 0
27.4545454545454 -85 0
-3.54545454545456 40 0
6.45454545454544 -33 0
6.45454545454544 -75 0
6.45454545454544 -107 0
-34.5454545454546 40 0
-24.5454545454546 -23 0
-24.5454545454546 -64 0
-24.5454545454546 -96 0
-55.5454545454546 50 0
-45.5454545454546 -1 0
-45.5454545454546 -23 0
-44.5454545454546 -54 0
-44.5454545454546 -23 0
