-30.2272727272727 126.818181818182 0
11.7727272727273 116.818181818182 0
52.7727272727273 85.8181818181818 0
63.7727272727273 53.8181818181818 0
84.7727272727273 22.8181818181818 0
21.7727272727273 42.8181818181818 0
32.7727272727273 -8.18181818181819 0
41.7727272727273 -39.1818181818182 0
32.7727272727273 -71.1818181818182 0
0.77272727272728 32.8181818181818 0
11.7727272727273 -19.1818181818182 0
11.7727272727273 -60.1818181818182 0
1.77272727272728 -82.1818181818182 0
-29.2272727272727 22.8181818181818 0
-19.2272727272727 -19.1818181818182 0
-19.2272727272727 -50.1818181818182 0
-19.2272727272727 -81.1818181818182 0
-50.2272727272727 32.8181818181818 0
-50.2272727272727 -8.18181818181819 0
-50.2272727272727 -29.1818181818182 0
-50.2272727272727 -50.1818181818182 0
-50.2272727272727 -19.1818181818182 0
