6.27272727272725 127.272727272727 0
47.2727272727273 96.2727272727273 0
-127.727272727273 -174.727272727273 0
-96.7272727272727 -123.727272727273 0
-25.7272727272727 -60.7272727272727 0
58.2727272727273 86.2727272727273 0
68.2727272727273 44.2727272727273 0
78.2727272727273 12.2727272727273 0
78.2727272727273 -28.7272727272727 0
26.2727272727273 86.2727272727273 0
16.2727272727273 23.2727272727273 0
17.2727272727273 -8.72727272727272 0
16.2727272727273 -49.7272727272727 0
-4.72727272727275 85.2727272727273 0
-14.7272727272727 13.2727272727273 0
-4.72727272727275 -28.7272727272727 0
-4.72727272727275 -70.7272727272727 0
-14.7272727272727 65.2727272727273 0
-34.7272727272727 13.2727272727273 0
-34.7272727272727 -18.7272727272727 0
-34.7272727272727 -59.7272727272727 0
-14.7272727272727 -28.7272727272727 0
