-29.0909090909091 153.409090909091 0
21.9090909090909 143.409090909091 0
73.9090909090909 122.409090909091 0
114.909090909091 81.4090909090909 0
155.909090909091 70.4090909090909 0
22.9090909090909 49.4090909090909 0
32.9090909090909 -13.5909090909091 0
32.9090909090909 -54.5909090909091 0
32.9090909090909 -96.5909090909091 0
-8.09090909090907 48.4090909090909 0
1.90909090909093 -33.5909090909091 0
1.90909090909093 -85.5909090909091 0
1.90909090909093 -118.590909090909 0
-39.0909090909091 48.4090909090909 0
-29.0909090909091 -23.5909090909091 0
-29.0909090909091 -75.5909090909091 0
-19.0909090909091 -117.590909090909 0
-70.0909090909091 49.4090909090909 0
-70.0909090909091 -2.59090909090907 0
-70.0909090909091 -34.5909090909091 0
-60.0909090909091 -75.5909090909091 0
-70.0909090909091 -34.5909090909091 0
