-43.4090909090909 134.681818181818 0
-2.40909090909091 114.681818181818 0
38.5909090909091 103.681818181818 0
49.5909090909091 61.6818181818182 0
59.5909090909091 20.6818181818182 0
18.5909090909091 41.6818181818182 0
38.5909090909091 -0.318181818181813 0
38.5909090909091 -42.3181818181818 0
38.5909090909091 -73.3181818181818 0
-2.40909090909091 31.6818181818182 0
8.59090909090909 -21.3181818181818 0
18.5909090909091 -53.3181818181818 0
18.5909090909091 -94.3181818181818 0
-33.4090909090909 30.6818181818182 0
-12.4090909090909 -21.3181818181818 0
-2.40909090909091 -52.3181818181818 0
-2.40909090909091 -83.3181818181818 0
-54.4090909090909 30.6818181818182 0
-44.4090909090909 -11.3181818181818 0
-43.4090909090909 -32.3181818181818 0
-43.4090909090909 -53.3181818181818 0
-43.4090909090909 -31.3181818181818 0
