4.22727272727272 137.727272727273
25.2272727272727 116.727272727273
35.2272727272727 95.7272727272727
14.2272727272727 63.7272727272727
-16.7727272727273 43.7272727272727
35.2272727272727 33.7272727272727
45.2272727272727 -9.27272727272728
56.2272727272727 -50.2727272727273
66.2272727272727 -81.2727272727273
14.2272727272727 33.7272727272727
14.2272727272727 -30.2727272727273
14.2272727272727 -71.2727272727273
15.2272727272727 -102.272727272727
-6.77272727272728 33.7272727272727
-36.7727272727273 -8.27272727272728
-36.7727272727273 -40.2727272727273
-47.7727272727273 -61.2727272727273
-26.7727272727273 33.7272727272727
-36.7727272727273 -8.27272727272728
-46.7727272727273 -39.2727272727273
-47.7727272727273 -61.2727272727273
