-11.3181818181818 213.454545454545
35.6818181818182 167.454545454545
66.6818181818182 120.454545454545
50.6818181818182 88.4545454545454
-11.3181818181818 73.4545454545454
50.6818181818182 41.4545454545454
66.6818181818182 -51.5454545454546
81.6818181818182 -98.5454545454546
82.6818181818182 -146.545454545455
4.68181818181819 42.4545454545454
4.68181818181819 -67.5454545454546
4.68181818181819 -130.545454545455
3.68181818181819 -192.545454545455
-42.3181818181818 57.4545454545454
-42.3181818181818 -20.5454545454546
-43.3181818181818 -83.5454545454546
-58.3181818181818 -145.545454545455
-73.3181818181818 73.4545454545454
-58.3181818181818 26.4545454545454
-42.3181818181818 42.4545454545454
-26.3181818181818 73.4545454545454
