133.409090909091 -92.0909090909091
-11.5909090909091 106.909090909091
-0.590909090909093 96.9090909090909
9.40909090909091 54.9090909090909
-10.5909090909091 43.9090909090909
29.4090909090909 44.9090909090909
40.4090909090909 -8.09090909090907
60.4090909090909 -39.0909090909091
61.4090909090909 -60.0909090909091
9.40909090909091 43.9090909090909
-0.590909090909093 -18.0909090909091
9.40909090909091 -60.0909090909091
9.40909090909091 -81.0909090909091
-21.5909090909091 43.9090909090909
-31.5909090909091 -8.09090909090907
-32.5909090909091 -40.0909090909091
-41.5909090909091 -81.0909090909091
-42.5909090909091 33.9090909090909
-42.5909090909091 12.9090909090909
-42.5909090909091 22.9090909090909
-51.5909090909091 22.9090909090909
