1.40909090909091 115.545454545455
22.4090909090909 94.5454545454546
43.4090909090909 63.5454545454546
12.4090909090909 42.5454545454546
-18.5909090909091 32.5454545454546
22.4090909090909 21.5454545454546
53.4090909090909 -20.4545454545454
74.4090909090909 -40.4545454545454
84.4090909090909 -61.4545454545454
-8.59090909090909 22.5454545454546
12.4090909090909 -30.4545454545454
22.4090909090909 -61.4545454545454
22.4090909090909 -103.454545454545
-29.5909090909091 22.5454545454546
-29.5909090909091 -30.4545454545454
-38.5909090909091 -62.4545454545454
-39.5909090909091 -103.454545454545
-59.5909090909091 32.5454545454546
-49.5909090909091 10.5454545454546
-38.5909090909091 11.5454545454546
-19.5909090909091 32.5454545454546
