217.454545454545 45.1818181818182
-19.5454545454546 87.1818181818182
0.454545454545439 87.1818181818182
0.454545454545439 77.1818181818182
0.454545454545439 35.1818181818182
0.454545454545439 46.1818181818182
31.4545454545454 14.1818181818182
31.4545454545454 -27.8181818181818
41.4545454545454 -58.8181818181818
-10.5454545454546 45.1818181818182
-9.54545454545456 -6.81818181818181
0.454545454545439 -47.8181818181818
0.454545454545439 -79.8181818181818
-30.5454545454546 45.1818181818182
-19.5454545454546 -16.8181818181818
-9.54545454545456 -47.8181818181818
-9.54545454545456 -79.8181818181818
-50.5454545454546 35.1818181818182
-41.5454545454546 -6.81818181818181
-41.5454545454546 -37.8181818181818
-41.5454545454546 -69.8181818181818
