-27.8636363636364 85.6363636363636
3.13636363636363 84.6363636363636
34.1363636363636 63.6363636363636
33.1363636363636 53.6363636363636
3.13636363636363 43.6363636363636
13.1363636363636 1.63636363636363
34.1363636363636 -40.3636363636364
54.1363636363636 -71.3636363636364
65.1363636363636 -103.363636363636
-17.8636363636364 1.63636363636363
-7.86363636363637 -50.3636363636364
2.13636363636363 -92.3636363636364
3.13636363636363 -124.363636363636
-38.8636363636364 21.6363636363636
-17.8636363636364 -19.3636363636364
-7.86363636363637 -19.3636363636364
3.13636363636363 22.6363636363636
-58.8636363636364 42.6363636363636
-38.8636363636364 32.6363636363636
-17.8636363636364 42.6363636363636
3.13636363636363 53.6363636363636
