91.9680952380953 57.5495238095238
76.3680952380953 20.6995238095238
49.0580952380953 -20.2904761904762
30.6880952380953 -53.5504761904762
30.8480952380953 -82.0204761904762
32.7180952380953 -32.3504761904762
-24.8719047619047 -40.2504761904762
-57.3019047619047 -40.6804761904762
-83.7119047619047 -38.4204761904762
31.9180952380953 -14.7504761904762
-34.0219047619047 -18.0204761904762
-73.9119047619047 -17.5504761904762
-104.301904761905 -17.2604761904762
30.4480952380953 11.6195238095239
-27.6219047619047 21.5895238095238
-10.4519047619047 33.2495238095239
9.43809523809529 33.4695238095238
28.3080952380953 40.7295238095238
-15.2819047619047 48.5995238095238
0.848095238095311 55.2595238095238
18.8680952380953 52.3795238095238
