120.683333333333 52.4880952380952 0
107.723333333333 6.96809523809526 0
77.1633333333332 -42.8619047619047 0
60.9633333333333 -86.0119047619048 0
67.6433333333333 -121.961904761905 0
39.2333333333332 -35.9419047619048 0
-35.7866666666667 -34.5719047619048 0
-79.9466666666667 -29.6319047619048 0
-111.766666666667 -25.8819047619048 0
34.9133333333332 -1.81190476190477 0
-49.9466666666667 -3.97190476190474 0
-100.356666666667 -8.70190476190476 0
-136.116666666667 -13.0819047619048 0
33.1133333333333 35.6080952380952 0
-31.3666666666667 26.6880952380952 0
-16.8366666666668 27.0480952380952 0
3.87333333333328 27.0180952380953 0
31.7433333333333 69.9980952380952 0
-19.2466666666667 53.8180952380952 0
-6.57666666666671 52.3980952380953 0
10.8933333333333 52.3980952380953 0
