108.924761904762 50.9642857142857 0
99.1747619047619 1.59428571428566 0
66.6847619047618 -40.5457142857144 0
43.2947619047619 -78.0457142857144 0
43.0747619047618 -111.445714285714 0
32.3847619047618 -37.3057142857144 0
-30.7152380952381 -40.2457142857144 0
-67.0552380952382 -35.6957142857144 0
-93.2752380952381 -30.8857142857144 0
23.4347619047618 -9.00571428571436 0
-43.4052380952381 -8.06571428571436 0
-83.8052380952382 -1.56571428571436 0
-111.855238095238 3.39428571428562 0
19.4047619047619 23.8242857142856 0
-34.3452380952381 27.1542857142857 0
-14.8752380952382 30.9742857142857 0
7.95476190476188 31.4442857142856 0
20.6447619047619 57.7942857142856 0
-13.1852380952382 55.9442857142856 0
4.33476190476188 56.1742857142856 0
23.2047619047619 53.5442857142856 0
