122.92380952381 34.7495238095238
105.72380952381 -19.1904761904762
49.4038095238095 -45.4604761904762
-5.09619047619049 -38.2104761904762
-41.0961904761905 -23.6004761904762
68.1138095238096 -44.9404761904762
-14.6261904761905 -47.8004761904762
-64.3961904761904 -47.0004761904762
-103.84619047619 -45.6904761904762
65.3938095238095 2.08952380952383
-28.8461904761905 -5.1304761904762
-86.8261904761904 -10.7604761904762
-123.73619047619 -10.2504761904762
60.5338095238095 45.4695238095238
-27.3861904761904 26.9495238095238
-19.0261904761905 12.4895238095238
4.33380952380952 8.87952380952379
53.8738095238095 79.2595238095238
-16.4061904761905 56.0795238095238
-9.77619047619049 39.1995238095238
10.7638095238095 32.8695238095238
