-25.6818181818182 52.2272727272727
4.31818181818181 21.2272727272727
36.3181818181818 31.2272727272727
46.3181818181818 31.2272727272727
46.3181818181818 -72.7727272727273
36.3181818181818 31.2272727272727
46.3181818181818 31.2272727272727
36.3181818181818 -62.7727272727273
77.3181818181818 -0.77272727272728
15.3181818181818 21.2272727272727
15.3181818181818 -10.7727272727273
5.31818181818181 -20.7727272727273
5.31818181818181 -20.7727272727273
-25.6818181818182 21.2272727272727
-25.6818181818182 -10.7727272727273
-25.6818181818182 -20.7727272727273
-25.6818181818182 -20.7727272727273
-56.6818181818182 31.2272727272727
-56.6818181818182 0.22727272727272
-46.6818181818182 -9.77272727272728
-56.6818181818182 -10.7727272727273
