-80.0454545454545 90.4090909090909
-28.0454545454545 69.4090909090909
23.9545454545455 48.4090909090909
74.9545454545455 27.4090909090909
105.954545454545 -3.59090909090909
-7.04545454545453 -34.5909090909091
12.9545454545455 -87.5909090909091
43.9545454545455 -107.590909090909
74.9545454545455 -108.590909090909
-38.0454545454545 -35.5909090909091
33.9545454545455 -34.5909090909091
32.9545454545455 17.4090909090909
12.9545454545455 27.4090909090909
-49.0454545454545 -24.5909090909091
2.95454545454547 -13.5909090909091
2.95454545454547 27.4090909090909
-18.0454545454545 27.4090909090909
-70.0454545454545 -13.5909090909091
-28.0454545454545 16.4090909090909
-28.0454545454545 37.4090909090909
-48.0454545454545 37.4090909090909
