-111.136363636364 164.272727272727
-32.1363636363636 117.272727272727
75.8636363636364 69.2727272727273
169.863636363636 7.27272727272725
232.863636363636 7.27272727272725
14.8636363636364 -39.7272727272727
45.8636363636364 -133.727272727273
91.8636363636364 -179.727272727273
138.863636363636 -180.727272727273
-48.1363636363636 -55.7272727272727
29.8636363636364 -55.7272727272727
14.8636363636364 38.2727272727273
-32.1363636363636 23.2727272727273
-80.1363636363636 -55.7272727272727
-17.1363636363636 -8.72727272727275
-17.1363636363636 38.2727272727273
-63.1363636363636 38.2727272727273
-126.136363636364 -24.7272727272727
-64.1363636363636 22.2727272727273
-64.1363636363636 69.2727272727273
-95.1363636363636 70.2727272727273
