-84.2727272727273 65.4090909090909
-33.2727272727273 54.4090909090909
8.72727272727272 43.4090909090909
49.7272727272727 43.4090909090909
80.7272727272727 43.4090909090909
-12.2727272727273 -8.59090909090907
18.7272727272727 -60.5909090909091
39.7272727272727 -71.5909090909091
70.7272727272727 -71.5909090909091
-23.2727272727273 -18.5909090909091
18.7272727272727 -29.5909090909091
18.7272727272727 1.40909090909093
8.72727272727272 12.4090909090909
-43.2727272727273 -19.5909090909091
8.72727272727272 -19.5909090909091
8.72727272727272 2.40909090909093
-12.2727272727273 12.4090909090909
-53.2727272727273 -18.5909090909091
-12.2727272727273 -8.59090909090907
-12.2727272727273 12.4090909090909
-33.2727272727273 23.4090909090909
