338.363636363636 29.4545454545454
-33.6363636363636 51.4545454545454
8.36363636363637 40.4545454545454
39.3636363636364 19.4545454545454
70.3636363636364 -1.54545454545456
-12.6363636363636 -11.5454545454546
8.36363636363637 -53.5454545454546
29.3636363636364 -74.5454545454546
50.3636363636364 -84.5454545454546
-43.6363636363636 -12.5454545454546
-1.63636363636363 -32.5454545454546
-1.63636363636363 9.45454545454544
-12.6363636363636 29.4545454545454
-63.6363636363636 -12.5454545454546
-22.6363636363636 -12.5454545454546
-22.6363636363636 19.4545454545454
-42.6363636363636 30.4545454545454
-84.6363636363636 -11.5454545454546
-53.6363636363636 -1.54545454545456
-52.6363636363636 29.4545454545454
-63.6363636363636 30.4545454545454
