-42.3636363636364 65.2272727272727
-11.3636363636364 45.2272727272727
19.6363636363636 34.2272727272727
50.6363636363636 24.2272727272727
71.6363636363636 13.2272727272727
-0.363636363636374 2.22727272727275
9.63636363636363 -49.7727272727273
29.6363636363636 -69.7727272727273
50.6363636363636 -70.7727272727273
-21.3636363636364 -7.77272727272725
9.63636363636363 -17.7727272727273
19.6363636363636 2.22727272727275
9.63636363636363 3.22727272727275
-32.3636363636364 -7.77272727272725
-1.36363636363637 -17.7727272727273
-1.36363636363637 3.22727272727275
-11.3636363636364 13.2272727272727
-52.3636363636364 -6.77272727272725
-32.3636363636364 -7.77272727272725
-21.3636363636364 13.2272727272727
-31.3636363636364 23.2272727272727
