-99.8636363636364 41.4090909090909
-67.8636363636364 41.4090909090909
-37.8636363636364 51.4090909090909
-6.86363636363637 51.4090909090909
24.1363636363636 41.4090909090909
107.136363636364 -0.590909090909093
117.136363636364 -31.5909090909091
107.136363636364 -31.5909090909091
107.136363636364 -31.5909090909091
-27.8636363636364 -10.5909090909091
45.1363636363636 -21.5909090909091
45.1363636363636 -31.5909090909091
55.1363636363636 -42.5909090909091
-57.8636363636364 -10.5909090909091
-26.8636363636364 -0.590909090909093
-6.86363636363637 -42.5909090909091
14.1363636363636 -42.5909090909091
-78.8636363636364 -10.5909090909091
-67.8636363636364 20.4090909090909
-67.8636363636364 41.4090909090909
-68.8636363636364 61.4090909090909
