51.0909090909091 15.3636363636364
-41.9090909090909 15.3636363636364
-38.9090909090909 -27.6363636363636
-41.9090909090909 -53.6363636363636
-27.9090909090909 -86.6363636363636
-39.9090909090909 -18.6363636363636
4.09090909090909 -34.6363636363636
36.0909090909091 -29.6363636363636
62.0909090909091 -31.6363636363636
-30.9090909090909 -0.636363636363626
21.0909090909091 -7.63636363636363
50.0909090909091 -13.6363636363636
68.0909090909091 -17.6363636363636
-28.9090909090909 22.3636363636364
7.09090909090909 14.3636363636364
-10.9090909090909 38.3636363636364
-11.9090909090909 31.3636363636364
-4.90909090909091 19.3636363636364
0.0909090909090935 46.3636363636364
-6.90909090909091 49.3636363636364
-30.9090909090909 51.3636363636364
