125.681818181818 61.5454545454546
84.6818181818182 52.5454545454546
-131.318181818182 30.5454545454546
-132.318181818182 41.5454545454546
32.6818181818182 20.5454545454546
54.6818181818182 41.5454545454546
22.6818181818182 41.5454545454546
22.6818181818182 41.5454545454546
22.6818181818182 30.5454545454546
54.6818181818182 9.54545454545456
12.6818181818182 20.5454545454546
-39.3181818181818 -21.4545454545454
-80.3181818181818 -21.4545454545454
54.6818181818182 -21.4545454545454
1.68181818181819 -31.4545454545454
-38.3181818181818 -32.4545454545454
-60.3181818181818 -42.4545454545454
54.6818181818182 -42.4545454545454
2.68181818181819 -42.4545454545454
-28.3181818181818 -52.4545454545454
-49.3181818181818 -52.4545454545454
