402.272727272727 52.3636363636364
-82.7272727272727 11.3636363636364
-61.7272727272727 -20.6363636363636
-30.7272727272727 -20.6363636363636
-72.7272727272727 -93.6363636363636
-51.7272727272727 -30.6363636363636
0.27272727272728 -41.6363636363636
31.2727272727273 -31.6363636363636
62.2727272727273 -30.6363636363636
-51.7272727272727 -10.6363636363636
0.27272727272728 -10.6363636363636
41.2727272727273 -10.6363636363636
72.2727272727273 -10.6363636363636
-51.7272727272727 10.3636363636364
-9.72727272727272 20.3636363636364
-20.7272727272727 20.3636363636364
-31.7272727272727 20.3636363636364
-51.7272727272727 31.3636363636364
-20.7272727272727 41.3636363636364
-20.7272727272727 41.3636363636364
-40.7272727272727 31.3636363636364
