22.0990476190477 95.0561904761905 0
-7.39095238095234 82.2561904761905 0
-23.2009523809523 53.4461904761905 0
-23.5609523809523 26.1861904761905 0
-24.9709523809523 2.3661904761905 0
-15.4209523809523 19.5061904761905 0
-30.9209523809523 -0.77380952380949 0
-41.7109523809523 6.5861904761905 0
-48.1109523809523 19.3761904761905 0
3.6890476190477 10.1361904761905 0
-9.51095238095229 -23.9338095238095 0
-22.0409523809523 -42.2138095238095 0
-34.1109523809523 -56.9438095238095 0
24.6390476190477 10.4761904761905 0
21.0590476190477 -27.1138095238095 0
14.1790476190477 -48.8738095238095 0
6.06904761904769 -66.1338095238095 0
46.7490476190477 19.3861904761905 0
50.6990476190476 -8.6738095238095 0
48.6690476190477 -27.2538095238095 0
43.0990476190477 -42.8638095238095 0
