4.32142857142856 133.104285714286 0
-24.1285714285714 101.284285714286 0
-43.7485714285714 56.9542857142857 0
-62.0085714285714 26.7842857142857 0
-77.3885714285714 4.37428571428572 0
-1.25857142857143 28.5642857142857 0
-30.2085714285714 0.464285714285722 0
-56.7385714285714 1.56428571428572 0
-76.2985714285714 9.99428571428572 0
19.4114285714286 19.6842857142857 0
4.10142857142858 -28.9957142857143 0
-15.7485714285714 -58.9957142857143 0
-34.7285714285714 -83.2157142857143 0
41.4514285714286 21.1542857142857 0
39.5714285714286 -28.0557142857143 0
26.6914285714286 -58.1257142857143 0
10.9714285714286 -84.0157142857143 0
61.8314285714286 32.7542857142857 0
73.0014285714286 -6.7657142857143 0
73.4414285714286 -33.0657142857143 0
67.4614285714286 -55.4457142857143 0
