48.9761904761904 111.44 0
14.5261904761904 97.8699999999999 0
-12.7438095238096 65.6799999999999 0
-36.4338095238096 45.4399999999999 0
-60.8238095238096 34.8399999999999 0
8.24619047619041 20.5899999999999 0
-19.6038095238096 9.55999999999992 0
-41.9238095238096 17.7699999999999 0
-57.7438095238096 27.1099999999999 0
17.5961904761904 9.95999999999992 0
-3.67380952380961 -29.6500000000001 0
-26.2838095238096 -53.8900000000001 0
-46.0638095238096 -74.2500000000001 0
31.2861904761904 9.73999999999992 0
21.8761904761904 -35.6200000000001 0
5.96619047619038 -63.0200000000001 0
-11.0638095238096 -84.4900000000001 0
45.2661904761904 18.3999999999999 0
48.7161904761904 -18.5800000000001 0
42.2661904761904 -44.0300000000001 0
31.6361904761904 -64.8700000000001 0
