-5.20523809523814 129.508571428571
-29.8752380952381 102.848571428571
-35.7552380952381 57.7785714285714
-35.0652380952381 26.2985714285715
-39.6452380952381 -2.43142857142854
-3.13523809523809 28.0785714285715
-19.9252380952381 2.55857142857147
-41.7652380952381 1.05857142857147
-58.5152380952381 3.09857142857146
10.2547619047619 21.0085714285715
1.46476190476187 -25.8214285714285
-16.8352380952381 -54.8214285714285
-32.8752380952381 -76.7214285714285
25.4947619047619 24.6485714285714
32.3347619047619 -28.2914285714286
25.7447619047619 -61.3914285714285
18.9847619047619 -86.5914285714285
39.8247619047619 35.5885714285714
54.5747619047619 -4.23142857142855
56.5147619047619 -33.7814285714285
53.4047619047619 -58.3914285714285
