7.9414285714285 142.035714285714 0
-21.6885714285715 108.825714285714 0
-33.9085714285715 57.2357142857143 0
-46.3685714285715 19.0957142857143 0
-67.3585714285715 -10.2942857142857 0
4.8814285714285 37.3557142857143 0
-22.9685714285715 11.9057142857143 0
-55.3685714285715 7.39571428571432 0
-81.5185714285715 4.98571428571429 0
20.4314285714285 30.2757142857143 0
9.96142857142854 -25.5842857142857 0
-1.57857142857148 -67.9942857142857 0
-9.32857142857148 -104.264285714286 0
36.1114285714285 35.3757142857143 0
31.2214285714285 -24.4242857142857 0
27.1414285714285 -68.1542857142857 0
25.3214285714285 -102.474285714286 0
50.0114285714285 46.2557142857143 0
45.5414285714285 -1.4242857142857 0
42.2314285714285 -34.8542857142857 0
39.2914285714285 -61.2742857142857 0
