20.1833333333334 101.175714285714
-5.34666666666664 81.8157142857143
-15.1766666666666 49.3157142857143
-12.7866666666666 27.8057142857143
-9.06666666666661 9.28571428571428
2.00333333333339 15.7357142857143
-18.3366666666666 -2.75428571428574
-36.2366666666666 15.9357142857143
-48.5566666666666 35.1957142857143
11.7033333333334 10.3057142857143
-1.10666666666663 -26.1042857142857
-20.9166666666666 -44.6342857142857
-39.5366666666666 -57.6842857142857
23.6233333333334 13.4057142857143
21.9533333333334 -30.1142857142857
12.2833333333334 -57.6942857142857
3.1733333333334 -79.2042857142857
34.5733333333334 22.7657142857143
32.9333333333334 -7.83428571428573
26.7233333333334 -29.6942857142857
17.9133333333334 -47.0242857142857
