30.4528571428572 77.2566666666667 0
-5.35714285714283 68.9466666666667 0
-33.1271428571428 41.8266666666667 0
-52.3371428571428 22.8766666666666 0
-72.9871428571428 8.14666666666665 0
-2.02714285714279 -1.94333333333338 0
-16.9071428571428 -44.6933333333334 0
-36.2471428571428 -47.4333333333333 0
-55.8071428571428 -37.2333333333333 0
18.1928571428572 2.62666666666661 0
-13.1871428571428 -21.3533333333334 0
-42.0071428571428 0.536666666666633 0
-60.6771428571428 26.4766666666666 0
41.2828571428572 15.3566666666666 0
27.9728571428572 -26.9733333333334 0
8.50285714285718 -42.0333333333334 0
-10.9271428571428 -49.7333333333333 0
65.4128571428572 34.1966666666667 0
76.1228571428572 9.10666666666663 0
72.2528571428572 -9.27333333333337 0
61.4028571428572 -26.6833333333333 0
