75.6766666666667 49.4071428571428
43.5666666666667 56.3071428571428
11.0666666666667 40.3171428571428
-8.92333333333335 29.6971428571428
-29.5733333333333 24.9671428571428
9.18666666666667 0.837142857142851
-24.6433333333333 0.0171428571428578
-28.1033333333334 21.0771428571429
-26.6833333333333 41.4571428571429
20.3366666666667 -5.02285714285716
-23.0633333333333 -21.7828571428572
-54.8633333333333 -12.9828571428571
-80.8933333333333 -1.63285714285718
39.4966666666667 -4.62285714285719
2.89666666666665 -32.7228571428572
-28.6233333333333 -38.7128571428572
-57.5133333333333 -43.4328571428572
61.6566666666667 2.52714285714285
49.3566666666667 -21.1728571428571
33.8866666666667 -35.8428571428572
15.7566666666667 -48.6828571428572
