223.029047619048 105.277142857143
213.869047619048 12.9471428571429
176.479047619048 -72.7628571428571
155.599047619048 -147.942857142857
165.189047619048 -208.562857142857
88.2390476190477 -39.6328571428571
-29.3809523809523 -57.4628571428571
-96.4309523809522 -63.2928571428571
-148.410952380952 -66.2728571428571
72.3190476190478 19.2271428571429
-52.0809523809522 -3.10285714285709
-126.930952380952 -14.1828571428571
-180.030952380952 -22.4028571428571
62.4090476190477 77.4671428571429
-51.0809523809522 49.2571428571429
-118.320952380952 31.1671428571429
-165.720952380952 16.0371428571429
57.5690476190478 131.687142857143
-32.9009523809523 101.617142857143
-85.3909523809523 83.8571428571429
-128.020952380952 67.0771428571429
