113.759523809524 42.0190476190477
105.829523809524 1.70904761904762
82.6695238095239 -34.2209523809524
66.3295238095238 -65.6809523809524
67.2095238095238 -92.1809523809524
45.1395238095238 -28.2609523809524
-9.92047619047617 -29.4009523809524
-42.8804761904762 -25.2409523809524
-67.1304761904762 -21.1009523809524
37.3095238095239 -2.53095238095236
-24.4604761904762 -3.99095238095236
-61.3204761904762 -1.34095238095236
-87.4404761904762 0.759047619047635
31.9595238095238 25.0090476190476
-25.6604761904762 20.4790476190476
-59.3504761904762 19.0990476190476
-83.4304761904762 16.9190476190476
29.3395238095238 52.6990476190476
-15.5104761904762 47.2690476190477
-40.9504761904762 42.4390476190476
-61.4904761904762 35.5490476190476
