197.181818181818 -113.863636363636 0
238.181818181818 -82.8636363636364 0
-60.8181818181818 21.1363636363636 0
-39.8181818181818 -19.8636363636364 0
-39.8181818181818 -40.8636363636364 0
-60.8181818181818 11.1363636363636 0
-39.8181818181818 -9.86363636363637 0
-8.81818181818181 -19.8636363636364 0
12.1818181818182 -29.8636363636364 0
-60.8181818181818 22.1363636363636 0
-28.8181818181818 11.1363636363636 0
11.1818181818182 -8.86363636363637 0
32.1818181818182 -19.8636363636364 0
-60.8181818181818 32.1363636363636 0
-19.8181818181818 22.1363636363636 0
2.18181818181819 12.1363636363636 0
32.1818181818182 1.13636363636363 0
-59.8181818181818 42.1363636363636 0
-29.8181818181818 53.1363636363636 0
-8.81818181818181 43.1363636363636 0
12.1818181818182 32.1363636363636 0
-18.8181818181818 42.1363636363636 0
