-20.7272727272727 6.81818181818181 0
-26.7272727272727 1.81818181818181 0
-40.7272727272727 -18.1818181818182 0
-48.7272727272727 -75.1818181818182 0
-29.7272727272727 -95.1818181818182 0
-53.7272727272727 -16.1818181818182 0
0.272727272727252 -27.1818181818182 0
24.2727272727273 -17.1818181818182 0
44.2727272727273 -41.1818181818182 0
-47.7272727272727 10.8181818181818 0
7.27272727272725 2.81818181818181 0
34.2727272727273 -23.1818181818182 0
58.2727272727273 -26.1818181818182 0
-44.7272727272727 35.8181818181818 0
4.27272727272725 28.8181818181818 0
34.2727272727273 28.8181818181818 0
57.2727272727273 23.8181818181818 0
-37.7272727272727 59.8181818181818 0
1.27272727272725 59.8181818181818 0
26.2727272727273 20.8181818181818 0
43.2727272727273 10.8181818181818 0
15.2727272727273 48.8181818181818 0
