-91.2272727272727 18.6363636363636 0
-70.2272727272727 -12.3636363636364 0
-49.2272727272727 -65.3636363636364 0
-50.2272727272727 -65.3636363636364 0
52.7727272727273 -23.3636363636364 0
-60.2272727272727 -44.3636363636364 0
1.77272727272728 -44.3636363636364 0
33.7727272727273 -33.3636363636364 0
73.7727272727273 -23.3636363636364 0
-60.2272727272727 -12.3636363636364 0
1.77272727272728 -12.3636363636364 0
43.7727272727273 -2.36363636363637 0
74.7727272727273 7.63636363636363 0
-50.2272727272727 18.6363636363636 0
1.77272727272728 18.6363636363636 0
42.7727272727273 18.6363636363636 0
63.7727272727273 28.6363636363636 0
-39.2272727272727 49.6363636363636 0
-8.22727272727272 49.6363636363636 0
22.7727272727273 49.6363636363636 0
43.7727272727273 39.6363636363636 0
21.7727272727273 39.6363636363636 0
