-58.5454545454546 -60.5454545454546
117.454545454545 13.4545454545454
86.4545454545454 -18.5454545454546
75.4545454545454 -50.5454545454546
55.4545454545454 -91.5454545454546
45.4545454545454 -8.54545454545456
3.45454545454544 -28.5454545454546
-37.5454545454546 12.4545454545454
-79.5454545454546 1.45454545454544
45.4545454545454 2.45454545454544
-6.54545454545456 -7.54545454545456
-47.5454545454546 2.45454545454544
-78.5454545454546 -7.54545454545456
45.4545454545454 23.4545454545454
-6.54545454545456 13.4545454545454
-47.5454545454546 12.4545454545454
-78.5454545454546 2.45454545454544
45.4545454545454 43.4545454545454
3.45454545454544 44.4545454545454
-27.5454545454546 44.4545454545454
-48.5454545454546 43.4545454545454
-6.54545454545456 13.4545454545454
