-129.863636363636 47.4545454545454 0
-109.863636363636 5.45454545454544 0
-88.8636363636364 -36.5454545454546 0
-47.8636363636364 -57.5454545454546 0
-15.8636363636364 -67.5454545454546 0
-67.8636363636364 -36.5454545454546 0
4.13636363636363 -36.5454545454546 0
35.1363636363636 -36.5454545454546 0
66.1363636363636 -36.5454545454546 0
-57.8636363636364 4.45454545454544 0
15.1363636363636 -5.54545454545456 0
56.1363636363636 -5.54545454545456 0
87.1363636363636 -15.5454545454546 0
-46.8636363636364 36.4545454545454 0
24.1363636363636 16.4545454545454 0
56.1363636363636 15.4545454545454 0
87.1363636363636 5.45454545454544 0
-36.8636363636364 57.4545454545454 0
14.1363636363636 46.4545454545454 0
45.1363636363636 36.4545454545454 0
66.1363636363636 26.4545454545454 0
45.1363636363636 36.4545454545454 0
