-89 41.8636363636364 0
-79 0.863636363636374 0
-58 -21.1363636363636 0
-58 -62.1363636363636 0
-69 -83.1363636363636 0
-48 -10.1363636363636 0
4 -30.1363636363636 0
35 -31.1363636363636 0
66 -31.1363636363636 0
-38 10.8636363636364 0
14 0.863636363636374 0
45 -10.1363636363636 0
76 -10.1363636363636 0
-37 31.8636363636364 0
14 20.8636363636364 0
45 10.8636363636364 0
76 0.863636363636374 0
-27 42.8636363636364 0
14 41.8636363636364 0
35 31.8636363636364 0
55 21.8636363636364 0
24 31.8636363636364 0
