-142.5 71.8181818181818 0
-132.5 20.8181818181818 0
-111.5 -21.1818181818182 0
-81.5 -63.1818181818182 0
-71.5 -105.181818181818 0
-60.5 -21.1818181818182 0
11.5 -32.1818181818182 0
42.5 -32.1818181818182 0
73.5 -42.1818181818182 0
-40.5 -0.181818181818187 0
32.5 -10.1818181818182 0
73.5 -11.1818181818182 0
104.5 -21.1818181818182 0
-29.5 30.8181818181818 0
32.5 20.8181818181818 0
73.5 9.81818181818181 0
104.5 9.81818181818181 0
-29.5 51.8181818181818 0
12.5 41.8181818181818 0
42.5 40.8181818181818 0
63.5 30.8181818181818 0
32.5 30.8181818181818 0
