-117.636363636364 46.2727272727273 0
-106.636363636364 5.27272727272725 0
-85.6363636363636 -26.7272727272727 0
-65.6363636363636 -67.7272727272727 0
-55.6363636363636 -99.7272727272727 0
-44.6363636363636 -26.7272727272727 0
7.36363636363637 -36.7272727272727 0
38.3636363636364 -36.7272727272727 0
69.3636363636364 -26.7272727272727 0
-33.6363636363636 -5.72727272727275 0
27.3636363636364 -5.72727272727275 0
58.3636363636364 -5.72727272727275 0
89.3636363636364 4.27272727272725 0
-33.6363636363636 25.2727272727273 0
27.3636363636364 15.2727272727273 0
58.3636363636364 15.2727272727273 0
79.3636363636364 15.2727272727273 0
-33.6363636363636 46.2727272727273 0
7.36363636363637 46.2727272727273 0
28.3636363636364 46.2727272727273 0
58.3636363636364 36.2727272727273 0
27.3636363636364 36.2727272727273 0
