121.727272727273 109.227272727273 0
58.7272727272727 57.2272727272727 0
121.727272727273 140.227272727273 0
-64.2727272727273 -203.772727272727 0
-23.2727272727273 -204.772727272727 0
-95.2727272727273 36.2272727272727 0
7.72727272727275 36.2272727272727 0
17.7272727272727 67.2272727272727 0
-2.27272727272725 -203.772727272727 0
-95.2727272727273 67.2272727272727 0
-13.2727272727273 78.2272727272727 0
18.7272727272727 -203.772727272727 0
-2.27272727272725 -203.772727272727 0
-95.2727272727273 98.2272727272727 0
-22.2727272727273 109.227272727273 0
17.7272727272727 119.227272727273 0
28.7272727272727 129.227272727273 0
-74.2727272727273 119.227272727273 0
-22.2727272727273 130.227272727273 0
69.7272727272727 -182.772727272727 0
69.7272727272727 -213.772727272727 0
-22.2727272727273 119.227272727273 0
