-122.045454545455 74.1363636363636 0
-81.0454545454546 11.1363636363636 0
-40.0454545454546 -134.863636363636 0
-60.0454545454546 -103.863636363636 0
-61.0454545454546 -134.863636363636 0
-81.0454545454546 -40.8636363636364 0
-8.04545454545456 -60.8636363636364 0
42.9545454545454 -40.8636363636364 0
93.9545454545454 -30.8636363636364 0
-81.0454545454546 1.13636363636363 0
1.95454545454544 -9.86363636363637 0
63.9545454545454 1.13636363636363 0
114.954545454545 1.13636363636363 0
-71.0454545454546 32.1363636363636 0
1.95454545454544 32.1363636363636 0
62.9545454545454 32.1363636363636 0
114.954545454545 32.1363636363636 0
-61.0454545454546 74.1363636363636 0
0.954545454545439 73.1363636363636 0
41.9545454545454 64.1363636363636 0
83.9545454545454 64.1363636363636 0
41.9545454545454 64.1363636363636 0
