149.428571428571 102.205238095238
137.368571428571 25.3352380952381
104.958571428571 -66.3547619047619
101.458571428571 -140.184761904762
119.918571428571 -197.474761904762
67.9285714285713 -44.1247619047619
-52.0614285714287 -64.4147619047619
-114.111428571429 -68.4647619047619
-161.591428571429 -72.9847619047619
55.4085714285713 9.71523809523813
-70.0514285714287 -14.3447619047619
-138.171428571429 -26.4247619047619
-189.081428571429 -31.9847619047619
44.3685714285713 66.3952380952381
-49.2714285714287 46.8252380952381
-19.7114285714287 46.7652380952381
15.6785714285713 51.8552380952381
30.9485714285713 115.045238095238
-37.9214285714287 85.8752380952381
-12.2814285714287 85.7352380952381
16.7885714285713 91.0052380952381
