-50.7272727272727 52.6818181818182
-17.7272727272727 55.6818181818182
11.2727272727273 48.6818181818182
37.2727272727273 33.6818181818182
43.2727272727273 36.6818181818182
10.2727272727273 -7.31818181818181
14.2727272727273 -35.3181818181818
21.2727272727273 -58.3181818181818
55.2727272727273 -56.3181818181818
-8.72727272727272 -19.3181818181818
22.2727272727273 -48.3181818181818
28.2727272727273 2.68181818181819
55.2727272727273 -57.3181818181818
-33.7272727272727 -11.3181818181818
-6.72727272727272 -11.3181818181818
-2.72727272727272 3.68181818181819
-19.7272727272727 17.6818181818182
-51.7272727272727 -9.31818181818181
-25.7272727272727 -9.31818181818181
-30.7272727272727 24.6818181818182
-41.7272727272727 32.6818181818182
