-61.2727272727273 53.4090909090909
-27.2727272727273 56.4090909090909
9.72727272727272 59.4090909090909
32.7272727272727 25.4090909090909
49.7272727272727 31.4090909090909
-1.27272727272728 -9.59090909090907
21.7272727272727 -39.5909090909091
32.7272727272727 -55.5909090909091
59.7272727272727 -56.5909090909091
-9.27272727272728 -11.5909090909091
20.7272727272727 -40.5909090909091
20.7272727272727 -1.59090909090907
58.7272727272727 -69.5909090909091
-41.2727272727273 -15.5909090909091
0.72727272727272 -15.5909090909091
0.72727272727272 14.4090909090909
-13.2727272727273 21.4090909090909
-48.2727272727273 -7.59090909090907
-25.2727272727273 -16.5909090909091
-22.2727272727273 24.4090909090909
-40.2727272727273 32.4090909090909
