-61.5909090909091 43.7727272727273
-21.5909090909091 54.7727272727273
9.40909090909091 53.7727272727273
36.4090909090909 33.7727272727273
48.4090909090909 29.7727272727273
2.40909090909091 -4.22727272727275
11.4090909090909 -38.2272727272727
34.4090909090909 -50.2272727272727
57.4090909090909 -63.2272727272727
-12.5909090909091 -11.2272727272727
20.4090909090909 -49.2272727272727
21.4090909090909 5.77272727272725
63.4090909090909 -60.2272727272727
-29.5909090909091 -9.22727272727275
-5.59090909090909 -9.22727272727275
-5.59090909090909 2.77272727272725
-7.59090909090909 23.7727272727273
-52.5909090909091 -12.2272727272727
-30.5909090909091 -12.2272727272727
-29.5909090909091 21.7727272727273
-31.5909090909091 32.7727272727273
