57.0454545454546 77.5454545454546
11.0454545454546 85.5454545454546
23.0454545454546 70.5454545454546
7.04545454545456 50.5454545454546
-3.95454545454544 31.5454545454546
21.0454545454546 34.5454545454546
39.0454545454546 -4.45454545454544
49.0454545454546 -33.4545454545454
55.0454545454546 -54.4545454545454
0.045454545454561 28.5454545454546
5.04545454545456 -20.4545454545454
7.04545454545456 -54.4545454545454
4.04545454545456 -95.4545454545454
-18.9545454545454 26.5454545454546
-19.9545454545454 -16.4545454545454
-18.9545454545454 -46.4545454545454
-22.9545454545454 -76.4545454545454
-36.9545454545454 30.5454545454546
-45.9545454545454 5.54545454545456
-42.9545454545454 -4.45454545454544
-36.9545454545454 -3.45454545454544
