-9.09090909090909 111.727272727273
1.90909090909091 101.727272727273
11.9090909090909 80.7272727272727
1.90909090909091 59.7272727272727
-19.0909090909091 38.7272727272727
21.9090909090909 28.7272727272727
32.9090909090909 -3.27272727272725
42.9090909090909 -34.2727272727273
42.9090909090909 -65.2727272727273
1.90909090909091 28.7272727272727
10.9090909090909 -13.2727272727273
10.9090909090909 -44.2727272727273
1.90909090909091 -76.2727272727273
-9.09090909090909 27.7272727272727
-9.09090909090909 -13.2727272727273
0.909090909090907 -45.2727272727273
0.909090909090907 -75.2727272727273
-19.0909090909091 28.7272727272727
-29.0909090909091 -13.2727272727273
-30.0909090909091 -34.2727272727273
-40.0909090909091 -65.2727272727273
