-28.5454545454546 89.6818181818182
12.4545454545454 90.6818181818182
33.4545454545454 100.681818181818
12.4545454545454 58.6818181818182
-28.5454545454546 37.6818181818182
23.4545454545454 58.6818181818182
54.4545454545454 6.68181818181819
84.4545454545454 -34.3181818181818
105.454545454545 -66.3181818181818
1.45454545454544 48.6818181818182
12.4545454545454 -24.3181818181818
23.4545454545454 -77.3181818181818
33.4545454545454 -129.318181818182
-38.5454545454546 37.6818181818182
-18.5454545454546 -24.3181818181818
-7.54545454545456 -66.3181818181818
12.4545454545454 -98.3181818181818
-69.5454545454546 26.6818181818182
-80.5454545454546 -3.31818181818181
-70.5454545454546 -3.31818181818181
-59.5454545454546 37.6818181818182
