-52.9090909090909 51.0454545454546 0
-28.9090909090909 53.0454545454546 0
12.0909090909091 51.0454545454546 0
37.0909090909091 32.0454545454546 0
49.0909090909091 36.0454545454546 0
9.09090909090909 -13.9545454545454 0
14.0909090909091 -44.9545454545454 0
27.0909090909091 -55.9545454545454 0
61.0909090909091 -65.9545454545454 0
-14.9090909090909 -8.95454545454544 0
22.0909090909091 -41.9545454545454 0
33.0909090909091 2.04545454545456 0
62.0909090909091 -62.9545454545454 0
-41.9090909090909 -4.95454545454544 0
0.0909090909090935 -11.9545454545454 0
-12.9090909090909 11.0454545454546 0
-14.9090909090909 18.0454545454546 0
-51.9090909090909 -7.95454545454544 0
-29.9090909090909 -9.95454545454544 0
-29.9090909090909 21.0454545454546 0
-30.9090909090909 37.0454545454546 0
-17.9090909090909 17.0454545454546 0
