-8.27272727272728 42.3181818181818 0
-5.27272727272728 52.3181818181818 0
18.7272727272727 50.3181818181818 0
34.7272727272727 45.3181818181818 0
51.7272727272727 24.3181818181818 0
28.7272727272727 -4.68181818181819 0
31.7272727272727 -33.6818181818182 0
39.7272727272727 -49.6818181818182 0
53.7272727272727 -40.6818181818182 0
-6.27272727272728 -15.6818181818182 0
15.7272727272727 -22.6818181818182 0
14.7272727272727 -0.681818181818187 0
19.7272727272727 1.31818181818181 0
-30.2727272727273 -15.6818181818182 0
-17.2727272727273 -15.6818181818182 0
-14.2727272727273 -4.68181818181819 0
-13.2727272727273 0.318181818181813 0
-52.2727272727273 -9.68181818181819 0
-43.2727272727273 -10.6818181818182 0
-43.2727272727273 2.31818181818181 0
-49.2727272727273 12.3181818181818 0
-26.2727272727273 -6.68181818181819 0
