-55.2727272727273 52.2727272727273 0
-24.2727272727273 52.2727272727273 0
6.72727272727272 52.2727272727273 0
36.7272727272727 31.2727272727273 0
46.7272727272727 31.2727272727273 0
5.72727272727272 -9.72727272727275 0
16.7272727272727 -41.7272727272727 0
27.7272727272727 -52.7272727272727 0
57.7272727272727 -62.7272727272727 0
-14.2727272727273 -10.7272727272727 0
16.7272727272727 -41.7272727272727 0
26.7272727272727 0.272727272727252 0
57.7272727272727 -62.7272727272727 0
-35.2727272727273 -10.7272727272727 0
-4.27272727272728 -10.7272727272727 0
-4.27272727272728 11.2727272727273 0
-15.2727272727273 21.2727272727273 0
-46.2727272727273 -10.7272727272727 0
-25.2727272727273 -9.72727272727275 0
-25.2727272727273 20.2727272727273 0
-35.2727272727273 31.2727272727273 0
-14.2727272727273 20.2727272727273 0
