-59 53.9090909090909 0
-23 54.9090909090909 0
2 55.9090909090909 0
43 23.9090909090909 0
42 35.9090909090909 0
6 -6.09090909090907 0
22 -43.0909090909091 0
25 -47.0909090909091 0
56 -69.0909090909091 0
-14 -11.0909090909091 0
24 -46.0909090909091 0
24 -3.09090909090907 0
50 -69.0909090909091 0
-38 -5.09090909090907 0
1 -10.0909090909091 0
-4 11.9090909090909 0
-11 22.9090909090909 0
-45 -6.09090909090907 0
-23 -10.0909090909091 0
-32 18.9090909090909 0
-36 34.9090909090909 0
-10 12.9090909090909 0
