-51.0454545454545 55.1818181818182 0
-20.0454545454545 47.1818181818182 0
0.954545454545467 52.1818181818182 0
37.9545454545455 26.1818181818182 0
49.9545454545455 25.1818181818182 0
1.95454545454547 -10.8181818181818 0
13.9545454545455 -43.8181818181818 0
29.9545454545455 -50.8181818181818 0
55.9545454545455 -59.8181818181818 0
-14.0454545454545 -5.81818181818181 0
9.95454545454547 -45.8181818181818 0
33.9545454545455 2.18181818181819 0
50.9545454545455 -66.8181818181818 0
-37.0454545454545 -3.81818181818181 0
-4.04545454545453 -10.8181818181818 0
1.95454545454547 15.1818181818182 0
-23.0454545454545 23.1818181818182 0
-41.0454545454545 -9.81818181818181 0
-23.0454545454545 -15.8181818181818 0
-30.0454545454545 21.1818181818182 0
-34.0454545454545 34.1818181818182 0
-10.0454545454545 22.1818181818182 0
