-42.3636363636364 65.2272727272727 0
-11.3636363636364 45.2272727272727 0
19.6363636363636 34.2272727272727 0
50.6363636363636 24.2272727272727 0
71.6363636363636 13.2272727272727 0
-0.363636363636374 2.22727272727275 0
9.63636363636363 -49.7727272727273 0
29.6363636363636 -69.7727272727273 0
50.6363636363636 -70.7727272727273 0
-21.3636363636364 -7.77272727272725 0
9.63636363636363 -17.7727272727273 0
19.6363636363636 2.22727272727275 0
9.63636363636363 3.22727272727275 0
-32.3636363636364 -7.77272727272725 0
-1.36363636363637 -17.7727272727273 0
-1.36363636363637 3.22727272727275 0
-11.3636363636364 13.2272727272727 0
-52.3636363636364 -6.77272727272725 0
-32.3636363636364 -7.77272727272725 0
-21.3636363636364 13.2272727272727 0
-31.3636363636364 23.2272727272727 0
-11.3636363636364 13.2272727272727 0
