-80.0909090909091 95.2727272727273 0
-18.0909090909091 54.2727272727273 0
22.9090909090909 43.2727272727273 0
63.9090909090909 33.2727272727273 0
85.9090909090909 2.27272727272728 0
-8.09090909090909 -28.7272727272727 0
12.9090909090909 -81.7272727272727 0
33.9090909090909 -91.7272727272727 0
64.9090909090909 -91.7272727272727 0
-38.0909090909091 -29.7272727272727 0
13.9090909090909 -29.7272727272727 0
32.9090909090909 1.27272727272728 0
33.9090909090909 22.2727272727273 0
-59.0909090909091 -28.7272727272727 0
-7.09090909090909 -8.72727272727272 0
-7.09090909090909 22.2727272727273 0
33.9090909090909 12.2727272727273 0
-79.0909090909091 -8.72727272727272 0
-38.0909090909091 2.27272727272728 0
-18.0909090909091 33.2727272727273 0
-28.0909090909091 54.2727272727273 0
-18.0909090909091 23.2727272727273 0
