-50.7272727272727 52.6818181818182 0
-17.7272727272727 55.6818181818182 0
11.2727272727273 48.6818181818182 0
37.2727272727273 33.6818181818182 0
43.2727272727273 36.6818181818182 0
10.2727272727273 -7.31818181818181 0
14.2727272727273 -35.3181818181818 0
21.2727272727273 -58.3181818181818 0
55.2727272727273 -56.3181818181818 0
-8.72727272727272 -19.3181818181818 0
22.2727272727273 -48.3181818181818 0
28.2727272727273 2.68181818181819 0
55.2727272727273 -57.3181818181818 0
-33.7272727272727 -11.3181818181818 0
-6.72727272727272 -11.3181818181818 0
-2.72727272727272 3.68181818181819 0
-19.7272727272727 17.6818181818182 0
-51.7272727272727 -9.31818181818181 0
-25.7272727272727 -9.31818181818181 0
-30.7272727272727 24.6818181818182 0
-41.7272727272727 32.6818181818182 0
-8.72727272727272 14.6818181818182 0
