-61.2727272727273 53.4090909090909 0
-27.2727272727273 56.4090909090909 0
9.72727272727272 59.4090909090909 0
32.7272727272727 25.4090909090909 0
49.7272727272727 31.4090909090909 0
-1.27272727272728 -9.59090909090907 0
21.7272727272727 -39.5909090909091 0
32.7272727272727 -55.5909090909091 0
59.7272727272727 -56.5909090909091 0
-9.27272727272728 -11.5909090909091 0
20.7272727272727 -40.5909090909091 0
20.7272727272727 -1.59090909090907 0
58.7272727272727 -69.5909090909091 0
-41.2727272727273 -15.5909090909091 0
0.72727272727272 -15.5909090909091 0
0.72727272727272 14.4090909090909 0
-13.2727272727273 21.4090909090909 0
-48.2727272727273 -7.59090909090907 0
-25.2727272727273 -16.5909090909091 0
-22.2727272727273 24.4090909090909 0
-40.2727272727273 32.4090909090909 0
-18.2727272727273 21.4090909090909 0
