-73.7272727272727 51.5909090909091 0
-31.7272727272727 62.5909090909091 0
9.27272727272728 61.5909090909091 0
50.2727272727273 51.5909090909091 0
81.2727272727273 61.5909090909091 0
-0.72727272727272 -20.4090909090909 0
29.2727272727273 -53.4090909090909 0
50.2727272727273 -63.4090909090909 0
71.2727272727273 -63.4090909090909 0
-21.7272727272727 -31.4090909090909 0
20.2727272727273 -21.4090909090909 0
20.2727272727273 -0.409090909090907 0
9.27272727272728 10.5909090909091 0
-31.7272727272727 -31.4090909090909 0
-0.72727272727272 -21.4090909090909 0
-10.7272727272727 9.59090909090909 0
-11.7272727272727 20.5909090909091 0
-52.7272727272727 -31.4090909090909 0
-31.7272727272727 -11.4090909090909 0
-31.7272727272727 -0.409090909090907 0
-31.7272727272727 10.5909090909091 0
-10.7272727272727 9.59090909090909 0
