113.318181818182 -89.1363636363636
124.318181818182 -100.136363636364
-32.6818181818182 14.8636363636364
-50.6818181818182 -7.13636363636363
1.31818181818181 -8.13636363636363
-48.6818181818182 4.86363636363637
-1.68181818181819 -4.13636363636363
36.3181818181818 6.86363636363637
63.3181818181818 -2.13636363636363
-60.6818181818182 -6.13636363636363
-2.68181818181819 4.86363636363637
24.3181818181818 -2.13636363636363
60.3181818181818 14.8636363636364
-54.6818181818182 0.863636363636374
-18.6818181818182 0.863636363636374
-2.68181818181819 9.86363636363637
27.3181818181818 25.8636363636364
-61.6818181818182 12.8636363636364
-48.6818181818182 33.8636363636364
-32.6818181818182 28.8636363636364
-10.6818181818182 34.8636363636364
