107.181818181818 -92.0454545454546
132.181818181818 -99.0454545454546
-38.8181818181818 17.9545454545454
-46.8181818181818 -11.0454545454546
8.18181818181819 -2.04545454545456
-51.8181818181818 -2.04545454545456
-2.81818181818181 -12.0454545454546
28.1818181818182 1.95454545454544
67.1818181818182 -0.045454545454561
-56.8181818181818 6.95454545454544
-8.81818181818181 -6.04545454545456
25.1818181818182 8.95454545454544
46.1818181818182 13.9545454545454
-62.8181818181818 -2.04545454545456
-14.8181818181818 9.95454545454544
4.18181818181819 18.9545454545454
29.1818181818182 20.9545454545454
-53.8181818181818 15.9545454545454
-42.8181818181818 24.9545454545454
-28.8181818181818 37.9545454545454
-4.81818181818181 25.9545454545454
