120.090909090909 -94.0909090909091
121.090909090909 -89.0909090909091
-42.9090909090909 26.9090909090909
-52.9090909090909 -13.0909090909091
2.09090909090909 -4.09090909090907
-44.9090909090909 5.90909090909093
-3.90909090909091 -15.0909090909091
42.0909090909091 5.90909090909093
63.0909090909091 -4.09090909090907
-63.9090909090909 -3.09090909090907
-8.90909090909091 -3.09090909090907
29.0909090909091 6.90909090909093
49.0909090909091 8.90909090909093
-59.9090909090909 -2.09090909090907
-22.9090909090909 -0.0909090909090651
2.09090909090909 14.9090909090909
27.0909090909091 23.9090909090909
-53.9090909090909 25.9090909090909
-42.9090909090909 27.9090909090909
-28.9090909090909 27.9090909090909
-0.909090909090907 35.9090909090909
