114.545454545455 -96.3636363636364
126.545454545455 -90.3636363636364
-44.4545454545455 20.6363636363636
-45.4545454545455 -14.3636363636364
-0.454545454545467 2.63636363636363
-42.4545454545455 1.63636363636363
-10.4545454545455 -14.3636363636364
34.5454545454545 -0.363636363636374
65.5454545454545 -2.36363636363637
-63.4545454545455 5.63636363636363
-2.45454545454547 2.63636363636363
26.5454545454545 -1.36363636363637
57.5454545454545 16.6363636363636
-58.4545454545455 2.63636363636363
-12.4545454545455 3.63636363636363
-1.45454545454547 9.63636363636363
30.5454545454545 21.6363636363636
-57.4545454545455 29.6363636363636
-49.4545454545455 30.6363636363636
-27.4545454545455 27.6363636363636
-13.4545454545455 25.6363636363636
