53.0909090909091 -127.545454545455
42.0909090909091 -85.5454545454545
-132.909090909091 8.45454545454547
125.090909090909 -116.545454545455
-121.909090909091 -12.5454545454545
73.0909090909091 61.4545454545455
-8.90909090909093 39.4545454545455
11.0909090909091 39.4545454545455
-121.909090909091 -22.5454545454545
74.0909090909091 60.4545454545455
43.0909090909091 8.45454545454547
32.0909090909091 9.45454545454547
22.0909090909091 8.45454545454547
84.0909090909091 50.4545454545455
84.0909090909091 50.4545454545455
73.0909090909091 18.4545454545455
-111.909090909091 -22.5454545454545
94.0909090909091 60.4545454545455
104.090909090909 50.4545454545455
-153.909090909091 -33.5454545454545
-131.909090909091 -22.5454545454545
