-95.4090909090909 123.272727272727
-43.4090909090909 82.2727272727273
-12.4090909090909 50.2727272727273
18.5909090909091 18.2727272727273
38.5909090909091 -12.7272727272727
-23.4090909090909 -1.72727272727272
8.59090909090909 -11.7272727272727
39.5909090909091 -22.7272727272727
70.5909090909091 -22.7272727272727
-43.4090909090909 8.27272727272728
7.59090909090909 -22.7272727272727
38.5909090909091 -22.7272727272727
59.5909090909091 -22.7272727272727
-54.4090909090909 -1.72727272727272
-2.40909090909091 -22.7272727272727
28.5909090909091 -22.7272727272727
38.5909090909091 -12.7272727272727
-75.4090909090909 -1.72727272727272
-32.4090909090909 -22.7272727272727
-2.40909090909091 -22.7272727272727
28.5909090909091 -12.7272727272727
