-216.863636363636 146.363636363636
-122.863636363636 115.363636363636
-60.8636363636364 68.3636363636364
17.1363636363636 6.36363636363637
79.1363636363636 -9.63636363636363
-107.863636363636 -25.6363636363636
17.1363636363636 -25.6363636363636
64.1363636363636 -25.6363636363636
95.1363636363636 -10.6363636363636
-122.863636363636 -41.6363636363636
32.1363636363636 -25.6363636363636
95.1363636363636 -10.6363636363636
126.136363636364 -10.6363636363636
-122.863636363636 -40.6363636363636
32.1363636363636 -25.6363636363636
79.1363636363636 -10.6363636363636
126.136363636364 -9.63636363636363
-122.863636363636 -25.6363636363636
-29.8636363636364 -9.63636363636363
32.1363636363636 -9.63636363636363
79.1363636363636 -9.63636363636363
