-93.8181818181818 84.0454545454546
-51.8181818181818 52.0454545454546
-10.8181818181818 32.0454545454546
30.1818181818182 10.0454545454546
62.1818181818182 0.045454545454561
-21.8181818181818 -9.95454545454544
-10.8181818181818 -20.9545454545454
30.1818181818182 -9.95454545454544
61.1818181818182 0.045454545454561
-31.8181818181818 10.0454545454546
-10.8181818181818 -20.9545454545454
20.1818181818182 -20.9545454545454
31.1818181818182 0.045454545454561
-41.8181818181818 0.045454545454561
-10.8181818181818 -20.9545454545454
20.1818181818182 -10.9545454545454
40.1818181818182 0.045454545454561
-61.8181818181818 -10.9545454545454
-10.8181818181818 -20.9545454545454
20.1818181818182 -10.9545454545454
41.1818181818182 -9.95454545454544
