211.727272727273 81.7272727272727
15.7272727272727 -127.272727272727
-15.2727272727273 -54.2727272727273
15.7272727272727 -106.272727272727
-35.2727272727273 49.7272727272727
78.7272727272727 -137.272727272727
88.7272727272727 -138.272727272727
-56.2727272727273 38.7272727272727
-25.2727272727273 39.7272727272727
77.7272727272727 -107.272727272727
-77.2727272727273 38.7272727272727
-66.2727272727273 38.7272727272727
-25.2727272727273 49.7272727272727
108.727272727273 -34.2727272727273
-87.2727272727273 39.7272727272727
-66.2727272727273 39.7272727272727
-25.2727272727273 59.7272727272727
109.727272727273 7.72727272727275
-87.2727272727273 39.7272727272727
-67.2727272727273 59.7272727272727
-36.2727272727273 60.7272727272727
