-82.1818181818182 45.0909090909091
-82.1818181818182 34.0909090909091
-51.1818181818182 13.0909090909091
-10.1818181818182 -17.9090909090909
20.8181818181818 -28.9090909090909
-72.1818181818182 -7.90909090909093
-51.1818181818182 13.0909090909091
-10.1818181818182 -17.9090909090909
10.8181818181818 -28.9090909090909
-71.1818181818182 3.09090909090907
175.818181818182 24.0909090909091
-9.18181818181819 -48.9090909090909
-19.1818181818182 -28.9090909090909
-71.1818181818182 3.09090909090907
175.818181818182 24.0909090909091
124.818181818182 34.0909090909091
123.818181818182 34.0909090909091
-72.1818181818182 -17.9090909090909
-41.1818181818182 13.0909090909091
-10.1818181818182 -7.90909090909093
10.8181818181818 -17.9090909090909
