-67.3636363636364 66.4545454545454
-26.3636363636364 46.4545454545454
4.63636363636363 25.4545454545454
15.6363636363636 14.4545454545454
45.6363636363636 4.45454545454544
-26.3636363636364 -16.5454545454546
4.63636363636363 -26.5454545454546
25.6363636363636 -16.5454545454546
45.6363636363636 -6.54545454545456
-36.3636363636364 -16.5454545454546
4.63636363636363 -26.5454545454546
25.6363636363636 -16.5454545454546
46.6363636363636 -6.54545454545456
-47.3636363636364 -6.54545454545456
-5.36363636363637 -16.5454545454546
24.6363636363636 -6.54545454545456
45.6363636363636 4.45454545454544
-57.3636363636364 4.45454545454544
-26.3636363636364 -5.54545454545456
-5.36363636363637 3.45454545454544
14.6363636363636 4.45454545454544
