-59.9090909090909 39.7727272727273
-28.9090909090909 39.7727272727273
12.0909090909091 28.7727272727273
33.0909090909091 8.77272727272725
54.0909090909091 7.77272727272725
2.09090909090907 -33.2272727272727
33.0909090909091 -33.2272727272727
53.0909090909091 -12.2272727272727
64.0909090909091 8.77272727272725
-28.9090909090909 -43.2272727272727
12.0909090909091 -33.2272727272727
33.0909090909091 -2.22727272727275
53.0909090909091 19.7727272727273
-49.9090909090909 -33.2272727272727
-18.9090909090909 -23.2272727272727
2.09090909090907 -1.22727272727275
22.0909090909091 29.7727272727273
-70.9090909090909 -12.2272727272727
-49.9090909090909 -2.22727272727275
-28.9090909090909 8.77272727272725
-8.90909090909093 28.7727272727273
