-44.5454545454545 49.2727272727273
-13.5454545454545 28.2727272727273
38.4545454545455 18.2727272727273
38.4545454545455 18.2727272727273
49.4545454545455 17.2727272727273
38.4545454545455 -13.7272727272727
49.4545454545455 -23.7272727272727
58.4545454545455 -13.7272727272727
59.4545454545455 8.27272727272725
7.45454545454547 -23.7272727272727
17.4545454545455 -33.7272727272727
18.4545454545455 -2.72727272727275
28.4545454545455 18.2727272727273
-33.5454545454545 -13.7272727272727
-23.5454545454545 -33.7272727272727
-12.5454545454545 -2.72727272727275
-2.54545454545453 28.2727272727273
-65.5454545454545 -12.7272727272727
-64.5454545454545 -23.7272727272727
-44.5454545454545 -2.72727272727275
-44.5454545454545 18.2727272727273
