-12.3636363636364 159.954545454545
18.6363636363636 127.954545454545
49.6363636363636 75.9545454545455
49.6363636363636 33.9545454545455
59.6363636363636 -7.04545454545453
28.6363636363636 33.9545454545455
29.6363636363636 -18.0454545454545
29.6363636363636 -50.0454545454545
28.6363636363636 -81.0454545454545
-1.36363636363637 33.9545454545455
8.63636363636363 -28.0454545454545
8.63636363636363 -60.0454545454545
8.63636363636363 -91.0454545454545
-22.3636363636364 34.9545454545455
-22.3636363636364 -18.0454545454545
-22.3636363636364 -49.0454545454545
-12.3636363636364 -81.0454545454545
-43.3636363636364 44.9545454545455
-53.3636363636364 2.95454545454547
-43.3636363636364 -18.0454545454545
-43.3636363636364 -39.0454545454545
