-22.7272727272727 305.863636363636
55.2727272727273 243.863636363636
118.272727272727 164.863636363636
133.272727272727 70.8636363636364
118.272727272727 -7.13636363636363
71.2727272727273 70.8636363636364
71.2727272727273 -38.1363636363636
70.2727272727273 -116.136363636364
40.2727272727273 -179.136363636364
8.27272727272725 86.8636363636364
9.27272727272725 -39.1363636363636
8.27272727272725 -132.136363636364
-7.72727272727275 -195.136363636364
-53.7272727272727 86.8636363636364
-38.7272727272727 -23.1363636363636
-38.7272727272727 -101.136363636364
-38.7272727272727 -163.136363636364
-100.727272727273 117.863636363636
-100.727272727273 23.8636363636364
-100.727272727273 -38.1363636363636
-100.727272727273 -101.136363636364
