-54.8636363636364 129.636363636364
-3.86363636363637 108.636363636364
37.1363636363636 77.6363636363636
48.1363636363636 45.6363636363636
58.1363636363636 14.6363636363636
17.1363636363636 35.6363636363636
27.1363636363636 -6.36363636363637
37.1363636363636 -37.3636363636364
37.1363636363636 -58.3636363636364
-3.86363636363637 25.6363636363636
7.13636363636363 -16.3636363636364
16.1363636363636 -48.3636363636364
17.1363636363636 -79.3636363636364
-24.8636363636364 25.6363636363636
-13.8636363636364 -16.3636363636364
-3.86363636363637 -48.3636363636364
-3.86363636363637 -69.3636363636364
-54.8636363636364 25.6363636363636
-44.8636363636364 -6.36363636363637
-34.8636363636364 -27.3636363636364
-24.8636363636364 -48.3636363636364
