-12.3181818181818 149.318181818182
18.6818181818182 118.318181818182
59.6818181818182 77.3181818181818
79.6818181818182 35.3181818181818
110.681818181818 3.31818181818181
28.6818181818182 45.3181818181818
38.6818181818182 -16.6818181818182
38.6818181818182 -58.6818181818182
38.6818181818182 -90.6818181818182
-2.31818181818181 55.3181818181818
7.68181818181819 -17.6818181818182
8.68181818181819 -59.6818181818182
17.6818181818182 -100.681818181818
-33.3181818181818 56.3181818181818
-23.3181818181818 -16.6818181818182
-22.3181818181818 -48.6818181818182
-12.3181818181818 -79.6818181818182
-64.3181818181818 56.3181818181818
-64.3181818181818 4.31818181818181
-74.3181818181818 -26.6818181818182
-64.3181818181818 -58.6818181818182
