-29.0909090909091 153.409090909091
21.9090909090909 143.409090909091
73.9090909090909 122.409090909091
114.909090909091 81.4090909090909
155.909090909091 70.4090909090909
22.9090909090909 49.4090909090909
32.9090909090909 -13.5909090909091
32.9090909090909 -54.5909090909091
32.9090909090909 -96.5909090909091
-8.09090909090907 48.4090909090909
1.90909090909093 -33.5909090909091
1.90909090909093 -85.5909090909091
1.90909090909093 -118.590909090909
-39.0909090909091 48.4090909090909
-29.0909090909091 -23.5909090909091
-29.0909090909091 -75.5909090909091
-19.0909090909091 -117.590909090909
-70.0909090909091 49.4090909090909
-70.0909090909091 -2.59090909090907
-70.0909090909091 -34.5909090909091
-60.0909090909091 -75.5909090909091
