35.7319047619047 245.509523809524
-25.3280952380953 196.719523809524
-57.3980952380953 114.469523809524
-77.4580952380953 52.7895238095238
-102.928095238095 3.00952380952384
-23.9580952380953 45.6695238095238
-62.2680952380953 -12.7804761904762
-92.0180952380953 -0.190476190476204
-112.618095238095 24.3995238095238
10.4619047619047 30.0195238095238
-17.4580952380953 -55.0004761904762
-44.5880952380953 -108.910476190476
-68.2580952380953 -152.390476190476
51.5219047619047 36.0195238095238
48.9019047619048 -55.3704761904762
41.1419047619048 -112.930476190476
32.4019047619048 -159.740476190476
89.8019047619047 60.2295238095238
111.261904761905 -6.66047619047617
126.271904761905 -52.7204761904762
136.781904761905 -92.1404761904762
