19.1666666666666 55.1966666666667
-2.15333333333336 49.2866666666667
-11.8933333333334 45.3766666666667
-18.9833333333334 52.2466666666667
-23.8833333333334 61.1166666666667
-0.883333333333383 14.9466666666667
-11.5933333333334 -6.90333333333331
-18.4533333333334 -21.3833333333333
-23.1333333333334 -33.5133333333333
8.41666666666663 9.31666666666669
0.0366666666666333 -16.1433333333333
-6.3633333333334 -33.3133333333333
-11.5833333333334 -47.3033333333333
17.5466666666666 9.0266666666667
10.0466666666666 -17.2333333333333
4.08666666666659 -33.7633333333333
-0.78333333333336 -47.1633333333333
25.3566666666666 10.9266666666667
20.1266666666666 -5.8133333333333
14.8766666666666 -17.3333333333333
10.0466666666666 -27.5733333333333
