-3.43714285714282 95.6161904761905
-23.3871428571428 68.1461904761906
-29.3371428571428 39.9461904761905
-37.4271428571428 15.3561904761905
-49.1371428571428 -4.28380952380948
-1.24714285714282 24.8361904761905
-17.0671428571428 9.05619047619052
-34.9471428571428 2.56619047619054
-50.1971428571428 -3.07380952380947
9.88285714285718 17.7961904761905
-3.92714285714283 -16.7138095238095
-19.7971428571428 -39.8338095238095
-33.6571428571428 -59.8638095238095
21.5028571428572 18.3361904761905
30.3028571428572 -18.3138095238095
25.6228571428572 -43.4538095238095
18.8128571428572 -61.6038095238095
31.3328571428572 23.7361904761905
51.5228571428572 -2.82380952380947
56.9028571428572 -23.8138095238095
57.6828571428572 -41.6138095238095
