-24.7361904761905 155.333333333333
-55.0661904761905 114.143333333333
-48.3661904761905 61.1533333333334
-41.9761904761905 24.5533333333333
-53.2861904761905 -10.8166666666666
0.593809523809512 28.9033333333334
-5.5761904761905 -13.3966666666666
-23.4161904761905 -28.4266666666666
-37.7361904761905 -35.8666666666666
17.0038095238095 31.3833333333334
13.1138095238095 -26.6866666666666
0.713809523809516 -68.3866666666667
-9.1461904761905 -102.896666666667
27.6838095238095 45.4433333333333
35.9438095238095 -16.3566666666667
30.4538095238095 -62.3666666666666
27.7638095238095 -99.5866666666666
31.2238095238095 63.6933333333333
38.0238095238095 15.4533333333333
37.9938095238095 -21.7866666666666
38.7938095238095 -53.4866666666667
