24.2727272727273 -16.1363636363636
3.27272727272728 49.8636363636364
35.2727272727273 51.8636363636364
68.2727272727273 41.8636363636364
90.2727272727273 37.8636363636364
17.2727272727273 -3.13636363636363
34.2727272727273 -38.1363636363636
40.2727272727273 -62.1363636363636
55.2727272727273 -93.1363636363636
-11.7272727272727 -11.1363636363636
-0.72727272727272 -32.1363636363636
-6.72727272727272 3.86363636363637
-13.7272727272727 11.8636363636364
-34.7272727272727 -7.13636363636363
-30.7272727272727 -16.1363636363636
-30.7272727272727 14.8636363636364
-33.7272727272727 29.8636363636364
-37.7272727272727 -5.13636363636363
-26.7272727272727 -1.13636363636363
-52.7272727272727 9.86363636363637
-53.7272727272727 25.8636363636364
-34.7272727272727 7.86363636363637
