-9.63636363636363 25.3181818181818
-7.63636363636363 9.31818181818181
11.3636363636364 7.31818181818181
24.3636363636364 0.318181818181813
19.3636363636364 -31.6818181818182
-4.63636363636363 -20.6818181818182
26.3636363636364 -22.6818181818182
46.3636363636364 -36.6818181818182
63.3636363636364 -40.6818181818182
-12.6363636363636 -13.6818181818182
11.3636363636364 3.31818181818181
4.36363636363637 6.31818181818181
-10.6363636363636 6.31818181818181
-19.6363636363636 -1.68181818181819
3.36363636363637 16.3181818181818
-10.6363636363636 17.3181818181818
-23.6363636363636 14.3181818181818
-28.6363636363636 16.3181818181818
-13.6363636363636 22.3181818181818
-20.6363636363636 16.3181818181818
-36.6363636363636 6.31818181818181
-11.6363636363636 0.318181818181813
