24.8181818181818 72.6818181818182
70.8181818181818 7.68181818181819
73.8181818181818 16.6818181818182
65.8181818181818 1.68181818181819
57.8181818181818 -8.31818181818181
17.8181818181818 16.6818181818182
34.8181818181818 -10.3181818181818
45.8181818181818 -33.3181818181818
62.8181818181818 -60.3181818181818
-11.1818181818182 12.6818181818182
-1.18181818181819 -13.3181818181818
2.81818181818181 -15.3181818181818
10.8181818181818 -11.3181818181818
-37.1818181818182 23.6818181818182
-37.1818181818182 -1.31818181818181
-31.1818181818182 8.68181818181819
-31.1818181818182 20.6818181818182
-55.1818181818182 28.6818181818182
-61.1818181818182 -0.318181818181813
-66.1818181818182 -17.3181818181818
-67.1818181818182 -20.3181818181818
-69.1818181818182 -18.3181818181818
