48.2309523809525 231.118095238095
-16.0390476190474 189.898095238095
-66.0190476190475 129.638095238095
-108.309047619048 88.5780952380953
-137.319047619048 48.4180952380952
-6.39904761904745 35.0480952380952
-47.6690476190474 -20.9519047619048
-88.2490476190475 -4.71190476190475
-110.909047619047 28.4180952380952
22.5809523809526 21.1680952380952
3.80095238095248 -65.0619047619047
-25.8190476190475 -113.331904761905
-51.1790476190475 -151.721904761905
53.5209523809525 26.8980952380953
51.5009523809525 -58.7019047619047
41.4209523809525 -114.371904761905
32.4809523809525 -160.951904761905
78.8609523809525 51.0380952380953
96.2109523809526 -11.9319047619047
108.640952380953 -55.4919047619047
120.660952380952 -92.9919047619047
