-23.6818181818182 94.1818181818182
18.3181818181818 63.1818181818182
59.3181818181818 22.1818181818182
69.3181818181818 -19.8181818181818
59.3181818181818 -61.8181818181818
28.3181818181818 -19.8181818181818
38.3181818181818 -40.8181818181818
38.3181818181818 -9.81818181818181
38.3181818181818 22.1818181818182
-2.68181818181819 -29.8181818181818
7.31818181818181 -40.8181818181818
7.31818181818181 1.18181818181819
17.3181818181818 32.1818181818182
-33.6818181818182 -19.8181818181818
-33.6818181818182 -29.8181818181818
-22.6818181818182 11.1818181818182
-2.68181818181819 33.1818181818182
-54.6818181818182 0.181818181818187
-54.6818181818182 -19.8181818181818
-53.6818181818182 1.18181818181819
-44.6818181818182 21.1818181818182
