-92.2727272727273 191.863636363636
0.727272727272748 113.863636363636
78.7272727272727 66.8636363636364
140.727272727273 -11.1363636363636
78.7272727272727 -58.1363636363636
31.7272727272727 -74.1363636363636
94.7272727272727 -90.1363636363636
78.7272727272727 -43.1363636363636
78.7272727272727 -11.1363636363636
-15.2727272727273 -89.1363636363636
32.7272727272727 -74.1363636363636
31.7272727272727 19.8636363636364
16.7272727272727 19.8636363636364
-77.2727272727273 -74.1363636363636
-30.2727272727273 -42.1363636363636
-15.2727272727273 35.8636363636364
-46.2727272727273 19.8636363636364
-139.272727272727 -43.1363636363636
-77.2727272727273 3.86363636363637
-62.2727272727273 50.8636363636364
-93.2727272727273 51.8636363636364
