-61.5909090909091 71.0454545454546
-20.5909090909091 50.0454545454546
0.409090909090907 29.0454545454546
237.409090909091 -74.9545454545454
268.409090909091 -53.9545454545454
-10.5909090909091 29.0454545454546
10.4090909090909 29.0454545454546
20.4090909090909 -1.95454545454544
20.4090909090909 -22.9545454545454
-20.5909090909091 18.0454545454546
-9.59090909090909 -2.95454545454544
-10.5909090909091 -12.9545454545454
-9.59090909090909 -22.9545454545454
-41.5909090909091 8.04545454545456
-31.5909090909091 -12.9545454545454
-31.5909090909091 -12.9545454545454
-30.5909090909091 -22.9545454545454
-62.5909090909091 28.0454545454546
-61.5909090909091 -2.95454545454544
-61.5909090909091 -1.95454545454544
-61.5909090909091 -2.95454545454544
