-68.0909090909091 102.909090909091
-27.0909090909091 61.9090909090909
14.9090909090909 30.9090909090909
13.9090909090909 40.9090909090909
14.9090909090909 50.9090909090909
-37.0909090909091 -53.0909090909091
34.9090909090909 -64.0909090909091
86.9090909090909 -64.0909090909091
117.909090909091 -53.0909090909091
-58.0909090909091 -53.0909090909091
24.9090909090909 -53.0909090909091
44.9090909090909 -1.09090909090907
34.9090909090909 40.9090909090909
-68.0909090909091 -42.0909090909091
14.9090909090909 -43.0909090909091
14.9090909090909 9.90909090909093
3.90909090909091 50.9090909090909
-78.0909090909091 -22.0909090909091
-6.09090909090909 -11.0909090909091
-16.0909090909091 19.9090909090909
-47.0909090909091 30.9090909090909
