-137.181818181818 106.136363636364
-75.1818181818182 90.1363636363636
-13.1818181818182 59.1363636363636
65.8181818181818 12.1363636363636
127.818181818182 -18.8636363636364
-28.1818181818182 -50.8636363636364
64.8181818181818 -50.8636363636364
111.818181818182 -34.8636363636364
142.818181818182 -18.8636363636364
-44.1818181818182 -65.8636363636364
33.8181818181818 -34.8636363636364
18.8181818181818 12.1363636363636
2.81818181818181 12.1363636363636
-59.1818181818182 -50.8636363636364
2.81818181818181 -18.8636363636364
2.81818181818181 12.1363636363636
-28.1818181818182 12.1363636363636
-75.1818181818182 -34.8636363636364
-13.1818181818182 -3.86363636363637
-28.1818181818182 27.1363636363636
-59.1818181818182 28.1363636363636
