29.6818181818182 36.6363636363636
49.6818181818182 15.6363636363636
60.6818181818182 -5.36363636363637
49.6818181818182 -25.3636363636364
29.6818181818182 -25.3636363636364
49.6818181818182 15.6363636363636
40.6818181818182 -26.3636363636364
19.6818181818182 -15.3636363636364
-1.31818181818181 15.6363636363636
19.6818181818182 15.6363636363636
8.68181818181819 -36.3636363636364
-12.3181818181818 -26.3636363636364
-22.3181818181818 5.63636363636363
-1.31818181818181 25.6363636363636
-21.3181818181818 -26.3636363636364
-42.3181818181818 -15.3636363636364
-63.3181818181818 15.6363636363636
-12.3181818181818 36.6363636363636
-52.3181818181818 25.6363636363636
-53.3181818181818 4.63636363636363
-63.3181818181818 15.6363636363636
