-76.2727272727273 72.8636363636364
-35.2727272727273 51.8636363636364
5.72727272727272 30.8636363636364
37.7272727272727 9.86363636363637
68.7272727272727 -0.136363636363626
-14.2727272727273 -11.1363636363636
16.7272727272727 -22.1363636363636
57.7272727272727 -11.1363636363636
77.7272727272727 -1.13636363636363
-25.2727272727273 -21.1363636363636
16.7272727272727 -32.1363636363636
46.7272727272727 -21.1363636363636
5.72727272727272 19.8636363636364
-45.2727272727273 -21.1363636363636
5.72727272727272 -31.1363636363636
-4.27272727272728 -0.136363636363626
-14.2727272727273 9.86363636363637
-56.2727272727273 -21.1363636363636
-14.2727272727273 -21.1363636363636
-14.2727272727273 -0.136363636363626
-35.2727272727273 19.8636363636364
