-57.0454545454545 86.4545454545454
-26.0454545454545 56.4545454545454
14.9545454545455 34.4545454545454
46.9545454545455 3.45454545454544
86.9545454545455 -16.5454545454546
-37.0454545454545 -27.5454545454546
14.9545454545455 -47.5454545454546
55.9545454545455 -37.5454545454546
86.9545454545455 -27.5454545454546
-47.0454545454545 -27.5454545454546
14.9545454545455 -48.5454545454546
14.9545454545455 -6.54545454545456
-5.04545454545453 -6.54545454545456
-57.0454545454545 -16.5454545454546
4.95454545454547 -17.5454545454546
3.95454545454547 13.4545454545454
-16.0454545454545 14.4545454545454
-57.0454545454545 -6.54545454545456
-6.04545454545453 3.45454545454544
-6.04545454545453 24.4545454545454
-26.0454545454545 35.4545454545454
