-112.818181818182 79.6363636363636
-81.8181818181818 48.6363636363636
196.181818181818 -34.3636363636364
-30.8181818181818 7.63636363636363
197.181818181818 -44.3636363636364
196.181818181818 -24.3636363636364
187.181818181818 -34.3636363636364
-30.8181818181818 6.63636363636363
0.181818181818187 6.63636363636363
-71.8181818181818 17.6363636363636
-30.8181818181818 -3.36363636363637
-39.8181818181818 -13.3636363636364
-9.81818181818181 -3.36363636363637
-82.8181818181818 -3.36363636363637
-50.8181818181818 -3.36363636363637
-29.8181818181818 -13.3636363636364
0.181818181818187 -3.36363636363637
-92.8181818181818 -3.36363636363637
-50.8181818181818 7.63636363636363
-30.8181818181818 6.63636363636363
0.181818181818187 6.63636363636363
