-67.0454545454546 52.7727272727273
-25.0454545454546 42.7727272727273
5.95454545454544 22.7727272727273
36.9545454545454 11.7727272727273
67.9545454545454 1.77272727272725
5.95454545454544 -19.2272727272727
35.9545454545454 -50.2272727272727
56.9545454545454 -61.2272727272727
67.9545454545454 -71.2272727272727
-25.0454545454546 -29.2272727272727
5.95454545454544 -19.2272727272727
15.9545454545454 21.7727272727273
5.95454545454544 42.7727272727273
-36.0454545454546 -29.2272727272727
-5.04545454545456 -19.2272727272727
-5.04545454545456 21.7727272727273
4.95454545454544 43.7727272727273
-56.0454545454546 -20.2272727272727
-36.0454545454546 -9.22727272727275
-25.0454545454546 11.7727272727273
-15.0454545454546 42.7727272727273
