-64.5454545454545 56.7272727272727
-12.5454545454545 56.7272727272727
28.4545454545455 36.7272727272727
58.4545454545455 35.7272727272727
79.4545454545455 35.7272727272727
7.45454545454547 -6.27272727272728
27.4545454545455 -26.2727272727273
58.4545454545455 -47.2727272727273
79.4545454545455 -58.2727272727273
-13.5454545454545 -16.2727272727273
17.4545454545455 -26.2727272727273
17.4545454545455 4.72727272727272
7.45454545454547 15.7272727272727
-33.5454545454545 -16.2727272727273
-12.5454545454545 -26.2727272727273
-12.5454545454545 4.72727272727272
-13.5454545454545 15.7272727272727
-64.5454545454545 -16.2727272727273
-53.5454545454545 -26.2727272727273
-33.5454545454545 -5.27272727272728
-33.5454545454545 14.7272727272727
