13.2438095238095 100.332857142857 0
-19.4861904761905 91.9528571428571 0
-46.3061904761905 70.4128571428571 0
-56.5661904761905 45.6528571428571 0
-49.3661904761905 21.9628571428571 0
-21.8561904761905 16.5328571428571 0
-30.0361904761905 -13.5771428571429 0
-38.7361904761905 -6.45714285714291 0
-43.0761904761905 8.76285714285709 0
1.53380952380945 9.55285714285708 0
-5.3261904761905 -30.9571428571429 0
-11.8661904761905 -54.1071428571429 0
-18.6861904761905 -74.2971428571429 0
25.0838095238095 13.3528571428571 0
26.2838095238095 -26.7971428571429 0
24.8438095238095 -51.0371428571429 0
21.1538095238095 -72.3371428571429 0
49.3938095238095 25.9428571428571 0
57.8038095238095 -4.64714285714291 0
60.7438095238094 -25.4571428571429 0
61.2238095238095 -44.7871428571429 0
