61.3995238095239 148.118571428572 0
16.2795238095239 135.198571428572 0
-29.2604761904761 101.868571428572 0
-68.3704761904761 79.7885714285715 0
-85.3504761904761 50.7185714285715 0
-1.64047619047614 22.3285714285715 0
-41.2204761904761 -7.53142857142848 0
-67.1404761904761 7.00857142857154 0
-79.8104761904761 32.0385714285715 0
21.2295238095239 8.11857142857156 0
-2.89047619047614 -47.5914285714285 0
-33.0204761904761 -66.4214285714285 0
-62.0904761904761 -73.2314285714285 0
50.4095238095239 8.00857142857154 0
33.8295238095239 -50.8714285714285 0
10.4195238095239 -83.4114285714285 0
-12.6104761904761 -108.101428571428 0
79.4995238095239 21.4885714285715 0
77.7495238095239 -26.5014285714285 0
70.8495238095239 -60.4614285714285 0
61.7395238095239 -90.5614285714285 0
