56.3219047619048 99.5547619047618 0
23.2619047619048 100.054761904762 0
-11.0080952380952 83.7847619047618 0
-41.0980952380952 73.3547619047618 0
-64.9180952380952 61.8147619047619 0
4.08190476190475 23.7647619047618 0
-28.1580952380952 13.9747619047618 0
-47.8580952380952 32.0347619047618 0
-57.6480952380952 48.2447619047618 0
15.8919047619048 6.66476190476183 0
-4.19809523809522 -30.0752380952381 0
-27.0880952380952 -51.3652380952382 0
-48.3180952380952 -68.1952380952382 0
30.8919047619048 0.37476190476184 0
23.9619047619047 -45.8252380952381 0
8.52190476190475 -71.7652380952382 0
-7.38809523809522 -90.1152380952382 0
45.9619047619047 3.14476190476185 0
49.4119047619048 -37.2752380952382 0
43.5619047619048 -64.8452380952382 0
35.8119047619048 -87.3052380952382 0
