30.2414285714286 123.129523809524
-1.90857142857146 103.839523809524
-25.5785714285714 76.9595238095238
-48.4685714285715 64.1895238095238
-68.6085714285715 50.2295238095238
9.07142857142856 13.8495238095238
-20.4185714285715 -0.620476190476211
-46.2585714285714 19.5195238095238
-59.0885714285715 42.4995238095238
18.3914285714285 9.74952380952379
1.74142857142857 -41.8004761904762
-16.1485714285715 -74.2704761904762
-27.0985714285715 -101.210476190476
31.3914285714285 16.4695238095238
25.6514285714285 -39.5704761904762
17.7214285714285 -74.5904761904762
14.2614285714286 -102.800476190476
41.1314285714286 31.5595238095238
44.4514285714286 -10.9804761904762
40.8214285714286 -40.3404761904762
38.7014285714286 -65.8104761904762
