10.5652380952381 90.5609523809524
-14.0847619047619 80.0509523809524
-36.4947619047619 60.7009523809525
-56.7147619047619 44.4009523809524
-60.0947619047619 25.1609523809524
-7.14476190476188 18.8809523809524
-22.1347619047619 -3.27904761904756
-39.2447619047619 1.88095238095244
-49.6647619047619 12.5709523809524
7.15523809523813 10.9009523809524
1.32523809523809 -25.2790476190476
-8.15476190476187 -49.5990476190476
-17.1147619047619 -70.2990476190476
22.2452380952381 11.6009523809524
26.4852380952381 -23.7590476190476
24.7052380952381 -47.6790476190476
21.0452380952381 -66.8290476190476
35.7552380952381 19.3109523809524
48.0652380952381 -10.0190476190476
54.4552380952381 -30.6590476190476
59.0452380952381 -48.6190476190476
