-16.9857142857142 142.018095238095 0
-53.3857142857142 106.888095238095 0
-77.7857142857142 69.7480952380953 0
-99.6957142857142 40.4680952380953 0
-104.745714285714 10.7880952380953 0
-12.5657142857142 22.1480952380953 0
-42.7857142857142 -9.48190476190473 0
-75.3457142857142 -10.1119047619047 0
-96.7057142857142 -0.681904761904718 0
11.4642857142858 15.2280952380952 0
12.5442857142858 -42.4519047619047 0
2.3142857142858 -81.8919047619047 0
-9.59571428571417 -112.131904761905 0
33.3142857142858 22.4380952380953 0
50.5042857142858 -28.9719047619047 0
49.4342857142858 -66.4019047619047 0
45.4242857142858 -94.9719047619047 0
46.9942857142858 40.7880952380953 0
88.1942857142858 12.1080952380952 0
113.884285714286 -9.09190476190474 0
135.524285714286 -26.4319047619047 0
