32.9395238095237 102.573809523809 0
2.98952380952375 89.1338095238095 0
-21.3804761904763 70.9538095238095 0
-40.4304761904763 58.0338095238095 0
-47.6404761904762 42.2738095238095 0
-3.33047619047625 17.9738095238095 0
-23.1904761904763 -9.4561904761905 0
-36.8504761904763 5.78380952380951 0
-41.8004761904763 25.8438095238095 0
8.65952380952371 9.77380952380949 0
-3.19047619047626 -31.8461904761905 0
-16.3004761904763 -55.0361904761905 0
-27.0804761904762 -74.8261904761905 0
23.8195238095237 10.4338095238095 0
20.7095238095237 -32.6661904761905 0
16.1695238095238 -59.9261904761905 0
11.4895238095237 -83.5361904761905 0
39.4495238095237 19.9538095238095 0
39.2195238095237 -13.7761904761905 0
35.2895238095238 -35.9661904761905 0
30.4595238095237 -55.6961904761905 0
