49.4161904761904 126.509523809524
9.08619047619044 101.269523809524
-27.2038095238095 68.6895238095237
-54.5838095238096 49.9195238095237
-72.7638095238095 30.9995238095237
0.226190476190425 9.31952380952373
-26.6438095238095 -29.8304761904763
-48.9938095238095 -11.4604761904763
-62.2038095238095 14.6195238095237
18.9461904761905 8.14952380952371
-6.15380952380957 -43.8604761904763
-35.2138095238096 -58.3004761904763
-60.0238095238096 -63.8004761904763
42.5261904761904 16.9995238095237
25.3561904761905 -33.6904761904763
-0.703809523809525 -57.6404761904763
-25.7638095238095 -75.4704761904763
68.5561904761905 35.3795238095237
79.5061904761905 -4.00047619047626
71.1661904761904 -30.4704761904763
55.4661904761904 -53.3304761904763
