2.37380952380948 136.532380952381
-28.6161904761905 109.652380952381
-51.4761904761905 72.632380952381
-75.6361904761905 49.402380952381
-90.2161904761905 24.5323809523809
-2.6461904761905 12.572380952381
-29.9261904761905 -15.077619047619
-55.4261904761905 8.29238095238094
-68.2961904761905 33.212380952381
16.8538095238095 10.552380952381
4.86380952380949 -47.577619047619
-12.4761904761905 -84.067619047619
-25.4961904761905 -117.117619047619
35.8238095238095 26.2223809523809
44.4638095238095 -36.107619047619
39.5538095238095 -77.127619047619
35.4438095238095 -114.877619047619
48.2138095238095 54.442380952381
64.3938095238095 14.572380952381
71.7238095238095 -15.557619047619
76.5038095238095 -45.107619047619
