57.9266666666667 81.6809523809524
29.7166666666667 90.6609523809524
-1.69333333333327 85.2209523809524
-25.2233333333333 76.7909523809524
-33.9333333333333 59.3109523809524
-7.90333333333331 22.7709523809524
-33.8333333333333 8.27095238095237
-39.4333333333333 24.9909523809524
-36.0133333333333 42.5809523809524
6.94666666666672 4.04095238095235
-20.5833333333333 -26.3190476190476
-39.7833333333333 -42.8190476190476
-57.2533333333333 -57.2290476190476
28.1566666666667 -4.57904761904763
6.01666666666671 -39.6390476190476
-9.32333333333327 -60.8590476190476
-22.7033333333333 -77.7290476190476
55.0066666666668 -3.90904761904764
50.9466666666667 -38.7690476190477
48.0566666666667 -62.1290476190476
44.9066666666668 -82.3390476190476
