22.0980952380952 200.201904761905
-45.8819047619048 130.571904761905
-84.6919047619048 54.3119047619048
-99.8819047619048 -7.13809523809522
-78.9819047619048 -69.3580952380952
25.7080952380952 -50.0580952380952
11.6580952380951 -146.508095238095
3.80809523809523 -217.308095238095
2.57809523809522 -274.188095238095
75.9880952380952 -35.5880952380952
-30.8419047619049 -54.5380952380952
-62.7619047619048 28.3719047619048
-39.3319047619049 52.4019047619049
110.728095238095 -4.29809523809519
-3.61190476190484 -5.94809523809516
-25.3119047619048 65.7319047619048
3.02809523809515 83.7419047619048
130.608095238095 37.7219047619048
37.0780952380952 33.9119047619048
12.4780952380952 80.5919047619048
35.5380952380951 97.3719047619048
