91.0728571428571 -10.9728571428572
59.282857142857 -36.8928571428572
9.11285714285708 -41.8628571428572
-24.657142857143 -33.1828571428572
-48.0471428571429 -22.8528571428572
17.2428571428571 -62.0128571428572
-40.767142857143 -34.6928571428572
-61.1271428571429 -21.7028571428572
-71.027142857143 -15.9928571428572
34.732857142857 -37.8728571428572
-31.2471428571429 2.0171428571428
-46.1071428571429 12.3671428571428
-46.227142857143 15.0271428571428
52.0128571428571 -6.72285714285721
-10.6371428571429 33.6671428571428
-14.897142857143 38.8171428571428
-6.42714285714294 37.1471428571428
68.602857142857 24.8171428571428
22.522857142857 53.7471428571428
18.7628571428571 55.1771428571428
27.8228571428571 51.9771428571428
