127.734285714286 21.2457142857144
98.5942857142857 -29.2742857142856
36.9542857142857 -46.1742857142856
-17.9857142857143 -41.4042857142856
-51.7657142857143 -25.4342857142856
29.0542857142858 -55.7342857142856
-45.7457142857143 -59.9542857142856
-91.8157142857143 -58.5542857142856
-128.005714285714 -54.0242857142856
25.7242857142857 -14.2442857142856
-42.4257142857143 -4.87428571428563
-23.5957142857143 -0.984285714285647
3.32428571428574 -1.48428571428565
28.0142857142857 28.5257142857143
-27.0257142857143 31.5257142857143
-7.58571428571429 30.9857142857144
15.0142857142857 30.7057142857144
34.2442857142858 66.7557142857144
-5.94571428571425 62.8857142857144
12.8342857142857 59.9057142857143
30.4042857142857 59.6057142857144
