190.630476190476 167.607619047619
91.1304761904761 134.507619047619
22.180476190476 71.247619047619
-31.2595238095239 35.5876190476191
-81.8995238095239 14.537619047619
81.7204761904761 -42.9923809523809
-7.93952380952385 -40.2823809523809
-65.9295238095239 -26.702380952381
-115.839523809524 -18.7423809523809
102.520476190476 -52.432380952381
-11.6495238095239 -47.772380952381
-70.5995238095239 -29.882380952381
-121.569523809524 -19.9123809523809
118.610476190476 -45.872380952381
1.98047619047611 -34.9823809523809
-58.2795238095239 -22.7923809523809
-110.949523809524 -18.7923809523809
123.700476190476 -21.872380952381
28.6504761904761 -7.01238095238097
-20.9095238095239 1.64761904761906
-64.2995238095239 4.90761904761905
