77.0461904761904 72.514761904762
29.2561904761904 52.564761904762
4.0061904761904 28.774761904762
-16.0938095238096 14.124761904762
-34.3738095238096 1.00476190476195
47.7661904761904 -13.485238095238
2.52619047619038 -20.385238095238
-28.5338095238096 -21.275238095238
-54.1938095238096 -18.965238095238
57.3961904761904 -12.875238095238
0.706190476190386 -23.215238095238
-35.0838095238096 -20.425238095238
-61.6138095238096 -14.625238095238
64.0061904761904 -6.47523809523801
8.14619047619038 -17.025238095238
-30.4238095238096 -13.285238095238
-59.1538095238096 -7.78523809523801
67.2261904761904 7.27476190476199
16.4961904761904 2.75476190476195
-15.4138095238096 4.36476190476196
-39.6938095238096 6.44476190476195
