77.0547619047618 106.693333333333
27.3747619047618 69.5833333333333
1.71476190476182 36.4933333333333
-22.1452380952381 20.4433333333333
-41.9652380952382 2.96333333333334
67.1347619047618 -15.5966666666667
6.62476190476184 -28.9866666666667
-34.2652380952381 -29.6066666666667
-66.9652380952382 -26.5966666666667
76.3147619047618 -14.7466666666667
3.53476190476181 -32.5866666666667
-38.6552380952382 -29.3166666666667
-72.5252380952381 -24.5366666666667
79.7647619047618 -5.40666666666667
8.46476190476182 -20.3766666666667
-33.9552380952381 -17.2466666666667
-69.1452380952381 -14.9566666666667
75.5547619047618 12.2233333333333
17.9547619047618 4.36333333333334
-16.5552380952382 4.24333333333334
-45.3152380952382 2.95333333333335
