65.2771428571429 71.6471428571429
19.7871428571429 56.0171428571429
-16.7628571428571 33.1871428571429
-39.7228571428571 17.1771428571429
-57.7928571428571 4.43714285714287
6.9671428571429 -47.3128571428571
-30.9028571428571 -40.3428571428572
-49.6228571428571 -17.8628571428571
-64.2428571428571 3.03714285714284
35.2371428571429 -49.2728571428572
-9.66285714285709 -32.8628571428571
-33.4828571428571 -4.68285714285713
-49.2828571428571 18.2571428571429
61.6471428571429 -38.1128571428571
18.7271428571429 -21.0028571428571
-7.67285714285708 8.03714285714284
-26.3228571428571 30.6071428571428
84.6971428571429 -17.6928571428571
52.2171428571429 -8.63285714285712
29.7871428571429 9.90714285714284
11.1271428571429 25.4671428571428
