-55.4723809523809 12.8180952380953
-36.1623809523809 30.4980952380952
-2.45238095238096 35.6180952380952
18.827619047619 26.9980952380952
27.6576190476191 18.2880952380953
34.067619047619 13.6080952380952
52.127619047619 2.59809523809525
34.417619047619 3.02809523809526
13.747619047619 7.67809523809527
27.877619047619 -3.71190476190475
27.737619047619 -14.6719047619048
-3.49238095238098 -7.11190476190475
-29.522380952381 3.33809523809526
18.497619047619 -16.6519047619047
7.707619047619 -22.8219047619047
-21.752380952381 -12.3419047619047
-45.422380952381 -0.121904761904744
7.19761904761901 -25.2419047619047
-3.90238095238095 -28.8319047619048
-27.362380952381 -17.8319047619048
-44.322380952381 -5.13190476190474
