122.636363636364 -86.5 0
126.636363636364 -91.5 0
-44.3636363636364 28.5 0
-46.3636363636364 -8.5 0
3.63636363636363 -0.5 0
-48.3636363636364 -4.5 0
-11.3636363636364 -4.5 0
32.6363636363636 -3.5 0
58.6363636363636 -1.5 0
-51.3636363636364 -4.5 0
-9.36363636363637 -1.5 0
26.6363636363636 -6.5 0
59.6363636363636 17.5 0
-63.3636363636364 1.5 0
-20.3636363636364 -4.5 0
0.636363636363626 12.5 0
27.6363636363636 16.5 0
-62.3636363636364 16.5 0
-49.3636363636364 38.5 0
-20.3636363636364 31.5 0
-1.36363636363637 36.5 0
-30.3636363636364 18.5 0
