116.454545454545 -92.9090909090909 0
127.454545454545 -93.9090909090909 0
-38.5454545454545 21.0909090909091 0
-48.5454545454545 -9.90909090909093 0
3.45454545454547 0.0909090909090651 0
-48.5454545454545 0.0909090909090651 0
-6.54545454545453 -9.90909090909093 0
34.4545454545455 1.09090909090907 0
64.4545454545455 1.09090909090907 0
-58.5454545454545 0.0909090909090651 0
-7.54545454545453 0.0909090909090651 0
24.4545454545455 1.09090909090907 0
54.4545454545455 10.0909090909091 0
-58.5454545454545 1.09090909090907 0
-17.5454545454545 1.09090909090907 0
3.45454545454547 11.0909090909091 0
24.4545454545455 21.0909090909091 0
-58.5454545454545 21.0909090909091 0
-48.5454545454545 31.0909090909091 0
-27.5454545454545 32.0909090909091 0
-6.54545454545453 31.0909090909091 0
-27.5454545454545 22.0909090909091 0
