120.727272727273 -85.6363636363636 0
123.727272727273 -96.6363636363636 0
-41.2727272727273 28.3636363636364 0
-48.2727272727273 -14.6363636363636 0
7.72727272727272 -7.63636363636363 0
-49.2727272727273 5.36363636363637 0
-4.27272727272728 -16.6363636363636 0
39.7272727272727 -4.63636363636363 0
58.7272727272727 -0.636363636363626 0
-59.2727272727273 -6.63636363636363 0
-3.27272727272728 1.36363636363637 0
19.7272727272727 -2.63636363636363 0
47.7272727272727 9.36363636363637 0
-58.2727272727273 3.36363636363637 0
-12.2727272727273 0.363636363636374 0
-3.27272727272728 15.3636363636364 0
26.7272727272727 18.3636363636364 0
-59.2727272727273 25.3636363636364 0
-49.2727272727273 37.3636363636364 0
-32.2727272727273 26.3636363636364 0
-1.27272727272728 35.3636363636364 0
-23.2727272727273 29.3636363636364 0
