107.181818181818 -92.0454545454546 0
132.181818181818 -99.0454545454546 0
-38.8181818181818 17.9545454545454 0
-46.8181818181818 -11.0454545454546 0
8.18181818181819 -2.04545454545456 0
-51.8181818181818 -2.04545454545456 0
-2.81818181818181 -12.0454545454546 0
28.1818181818182 1.95454545454544 0
67.1818181818182 -0.045454545454561 0
-56.8181818181818 6.95454545454544 0
-8.81818181818181 -6.04545454545456 0
25.1818181818182 8.95454545454544 0
46.1818181818182 13.9545454545454 0
-62.8181818181818 -2.04545454545456 0
-14.8181818181818 9.95454545454544 0
4.18181818181819 18.9545454545454 0
29.1818181818182 20.9545454545454 0
-53.8181818181818 15.9545454545454 0
-42.8181818181818 24.9545454545454 0
-28.8181818181818 37.9545454545454 0
-4.81818181818181 25.9545454545454 0
-33.8181818181818 21.9545454545454 0
