120.090909090909 -94.0909090909091 0
121.090909090909 -89.0909090909091 0
-42.9090909090909 26.9090909090909 0
-52.9090909090909 -13.0909090909091 0
2.09090909090909 -4.09090909090907 0
-44.9090909090909 5.90909090909093 0
-3.90909090909091 -15.0909090909091 0
42.0909090909091 5.90909090909093 0
63.0909090909091 -4.09090909090907 0
-63.9090909090909 -3.09090909090907 0
-8.90909090909091 -3.09090909090907 0
29.0909090909091 6.90909090909093 0
49.0909090909091 8.90909090909093 0
-59.9090909090909 -2.09090909090907 0
-22.9090909090909 -0.0909090909090651 0
2.09090909090909 14.9090909090909 0
27.0909090909091 23.9090909090909 0
-53.9090909090909 25.9090909090909 0
-42.9090909090909 27.9090909090909 0
-28.9090909090909 27.9090909090909 0
-0.909090909090907 35.9090909090909 0
-28.9090909090909 16.9090909090909 0
