116 -89.8181818181818 0
127 -92.8181818181818 0
-38 22.1818181818182 0
-44 -10.8181818181818 0
7 2.18181818181819 0
-53 -2.81818181818181 0
-3 -16.8181818181818 0
33 0.181818181818187 0
71 -4.81818181818181 0
-57 4.18181818181819 0
-11 -7.81818181818181 0
18 3.18181818181819 0
53 14.1818181818182 0
-64 6.18181818181819 0
-12 5.18181818181819 0
6 14.1818181818182 0
19 22.1818181818182 0
-53 20.1818181818182 0
-43 31.1818181818182 0
-31 31.1818181818182 0
-13 34.1818181818182 0
-28 15.1818181818182 0
