-125 43.5909090909091 0
102 -81.4090909090909 0
113 1.59090909090909 0
123 -8.40909090909091 0
123 -8.40909090909091 0
185 -71.4090909090909 0
123 1.59090909090909 0
-12 12.5909090909091 0
-21 12.5909090909091 0
-52 1.59090909090909 0
-42 2.59090909090909 0
-21 11.5909090909091 0
-1 12.5909090909091 0
-94 22.5909090909091 0
-42 2.59090909090909 0
-22 2.59090909090909 0
-1 12.5909090909091 0
-115 -8.40909090909091 0
-83 1.59090909090909 0
-53 11.5909090909091 0
-32 12.5909090909091 0
-53 11.5909090909091 0
