20.7538095238094 187.506666666667
-29.5961904761905 145.036666666667
-54.4461904761905 76.2066666666666
-43.2961904761905 21.3866666666666
-5.92619047619053 -6.4233333333334
-33.2861904761905 -0.593333333333362
-37.2461904761906 -76.4933333333334
-35.0161904761906 -124.253333333333
-31.6161904761906 -167.633333333333
12.0938095238095 -6.34333333333336
-0.836190476190495 -93.7833333333334
-14.8861904761906 -148.913333333333
-27.7561904761906 -196.863333333333
59.4138095238095 5.47666666666663
25.1238095238094 -10.3333333333334
-0.726190476190482 48.6666666666666
-14.6661904761905 93.3066666666666
99.4338095238095 30.4466666666666
55.6938095238095 33.3566666666666
32.4438095238095 77.7166666666666
24.3438095238095 112.526666666667
