16.4695238095239 106.277619047619
-16.0404761904761 93.267619047619
-35.3004761904761 56.317619047619
-31.1104761904761 25.087619047619
-21.1504761904761 -2.13238095238097
-16.9604761904761 0.0576190476190277
-14.7004761904761 -42.782380952381
-10.0704761904761 -73.312380952381
-5.14047619047614 -98.992380952381
11.8095238095239 -1.782380952381
5.8795238095239 -58.862380952381
-2.39047619047614 -95.792380952381
-8.46047619047613 -127.092380952381
37.6495238095239 8.07761904761901
10.2795238095239 -19.8423809523809
-4.79047619047611 17.337619047619
-7.39047619047614 43.337619047619
58.3695238095239 26.577619047619
21.7095238095239 19.717619047619
6.1995238095239 51.107619047619
5.13952380952389 73.427619047619
