31.7357142857143 84.7390476190475
2.29571428571427 77.9990476190475
-20.1042857142857 59.5490476190475
-24.8242857142857 38.8990476190476
-23.8142857142857 17.9490476190476
-26.1442857142857 -0.480952380952431
-35.7842857142857 -37.3009523809524
-37.4242857142857 -58.6509523809524
-37.5042857142857 -77.4109523809524
-0.314285714285688 -7.33095238095245
-9.16428571428571 -51.5909523809524
-16.2442857142857 -71.1109523809525
-22.9542857142857 -87.8909523809525
27.8557142857143 -2.11095238095243
16.2357142857143 -26.7009523809525
10.5257142857143 6.06904761904758
9.65571428571428 30.0190476190476
55.9457142857143 13.3890476190476
41.1457142857143 10.4290476190475
31.0357142857143 32.7890476190476
27.8457142857143 48.7490476190475
