-129.136363636364 103.681818181818
-113.136363636364 10.6818181818182
-98.1363636363636 -67.3181818181818
-98.1363636363636 -145.318181818182
-114.136363636364 -208.318181818182
-66.1363636363636 -36.3181818181818
42.8636363636364 -67.3181818181818
104.863636363636 -67.3181818181818
167.863636363636 -67.3181818181818
-51.1363636363636 10.6818181818182
73.8636363636364 -20.3181818181818
135.863636363636 -21.3181818181818
183.863636363636 -21.3181818181818
-51.1363636363636 57.6818181818182
26.8636363636364 41.6818181818182
10.8636363636364 41.6818181818182
-20.1363636363636 42.6818181818182
-35.1363636363636 104.681818181818
26.8636363636364 88.6818181818182
10.8636363636364 88.6818181818182
-20.1363636363636 88.6818181818182
