-87.6818181818182 53.8181818181818
-76.6818181818182 21.8181818181818
-55.6818181818182 -19.1818181818182
-35.6818181818182 -51.1818181818182
-25.6818181818182 -83.1818181818182
-25.6818181818182 -30.1818181818182
26.3181818181818 -41.1818181818182
57.3181818181818 -41.1818181818182
88.3181818181818 -41.1818181818182
-25.6818181818182 -9.18181818181819
36.3181818181818 -30.1818181818182
77.3181818181818 -20.1818181818182
109.318181818182 -20.1818181818182
-25.6818181818182 11.8181818181818
26.3181818181818 21.8181818181818
-4.68181818181819 21.8181818181818
-15.6818181818182 21.8181818181818
-24.6818181818182 42.8181818181818
6.31818181818181 42.8181818181818
-4.68181818181819 52.8181818181818
-24.6818181818182 52.8181818181818
