232.681818181818 -77.7727272727273
-108.318181818182 58.2272727272727
-118.318181818182 16.2272727272727
-87.3181818181818 -35.7727272727273
-56.3181818181818 -56.7727272727273
-78.3181818181818 5.22727272727275
-15.3181818181818 -14.7727272727273
25.6818181818182 -14.7727272727273
56.6818181818182 -14.7727272727273
-67.3181818181818 36.2272727272727
4.68181818181819 16.2272727272727
46.6818181818182 6.22727272727275
76.6818181818182 5.22727272727275
-67.3181818181818 78.2272727272727
-36.3181818181818 47.2272727272727
-36.3181818181818 37.2272727272727
66.6818181818182 5.22727272727275
129.681818181818 -150.772727272727
-5.31818181818181 -4.77272727272725
15.6818181818182 -4.77272727272725
-56.3181818181818 58.2272727272727
