-97.5909090909091 19.6818181818182
-56.5909090909091 -23.3181818181818
-25.5909090909091 -43.3181818181818
5.40909090909093 -23.3181818181818
15.4090909090909 -12.3181818181818
-66.5909090909091 -43.3181818181818
15.4090909090909 -44.3181818181818
56.4090909090909 -44.3181818181818
98.4090909090909 -43.3181818181818
-56.5909090909091 -1.31818181818181
15.4090909090909 -12.3181818181818
77.4090909090909 -12.3181818181818
118.409090909091 -12.3181818181818
-56.5909090909091 39.6818181818182
15.4090909090909 18.6818181818182
5.40909090909093 8.68181818181819
-15.5909090909091 8.68181818181819
-46.5909090909091 60.6818181818182
4.40909090909093 50.6818181818182
4.40909090909093 39.6818181818182
-15.5909090909091 39.6818181818182
