237.681818181818 54.8636363636364
-40.3181818181818 23.8636363636364
-40.3181818181818 -7.13636363636363
0.681818181818187 -39.1363636363636
-9.31818181818181 -81.1363636363636
-40.3181818181818 -28.1363636363636
-9.31818181818181 -49.1363636363636
21.6818181818182 -49.1363636363636
41.6818181818182 -50.1363636363636
-50.3181818181818 -8.13636363636363
0.681818181818187 -28.1363636363636
32.6818181818182 -28.1363636363636
62.6818181818182 -38.1363636363636
-50.3181818181818 13.8636363636364
0.681818181818187 22.8636363636364
-9.31818181818181 23.8636363636364
-30.3181818181818 33.8636363636364
-50.3181818181818 44.8636363636364
-9.31818181818181 44.8636363636364
-19.3181818181818 54.8636363636364
-30.3181818181818 54.8636363636364
-9.31818181818181 33.8636363636364
