-93.6818181818182 26.1818181818182 0
123.318181818182 15.1818181818182 0
123.318181818182 36.1818181818182 0
-52.6818181818182 -57.8181818181818 0
-51.6818181818182 -67.8181818181818 0
-72.6818181818182 -35.8181818181818 0
-10.6818181818182 -46.8181818181818 0
20.3181818181818 -36.8181818181818 0
51.3181818181818 -25.8181818181818 0
-62.6818181818182 -5.81818181818181 0
-10.6818181818182 -15.8181818181818 0
30.3181818181818 -5.81818181818181 0
61.3181818181818 5.18181818181819 0
-62.6818181818182 16.1818181818182 0
-10.6818181818182 16.1818181818182 0
20.3181818181818 5.18181818181819 0
61.3181818181818 5.18181818181819 0
-51.6818181818182 46.1818181818182 0
-20.6818181818182 37.1818181818182 0
-0.681818181818187 37.1818181818182 0
20.3181818181818 36.1818181818182 0
-10.6818181818182 16.1818181818182 0
