-119.681818181818 58.2727272727273 0
-108.681818181818 5.27272727272725 0
-77.6818181818182 -46.7272727272727 0
-67.6818181818182 -88.7272727272727 0
-77.6818181818182 -129.727272727273 0
-36.6818181818182 -25.7272727272727 0
35.3181818181818 -35.7272727272727 0
76.3181818181818 -35.7272727272727 0
108.318181818182 -35.7272727272727 0
-36.6818181818182 5.27272727272725 0
56.3181818181818 -4.72727272727275 0
98.3181818181818 -4.72727272727275 0
139.318181818182 -14.7272727272727 0
-36.6818181818182 37.2727272727273 0
25.3181818181818 26.2727272727273 0
25.3181818181818 16.2727272727273 0
4.31818181818181 16.2727272727273 0
-26.6818181818182 68.2727272727273 0
5.31818181818181 57.2727272727273 0
4.31818181818181 47.2727272727273 0
-5.68181818181819 47.2727272727273 0
15.3181818181818 37.2727272727273 0
