-113.181818181818 56.9545454545454 0
-83.1818181818182 14.9545454545454 0
-63.1818181818182 -36.0454545454546 0
-52.1818181818182 -78.0454545454546 0
-51.1818181818182 -120.045454545455 0
-31.1818181818182 -36.0454545454546 0
30.8181818181818 -47.0454545454546 0
71.8181818181818 -37.0454545454546 0
102.818181818182 -26.0454545454546 0
-21.1818181818182 -5.04545454545456 0
50.8181818181818 -15.0454545454546 0
81.8181818181818 -5.04545454545456 0
112.818181818182 -5.04545454545456 0
-21.1818181818182 25.9545454545454 0
29.8181818181818 25.9545454545454 0
-0.181818181818187 15.9545454545454 0
-21.1818181818182 25.9545454545454 0
-21.1818181818182 56.9545454545454 0
9.81818181818181 46.9545454545454 0
-0.181818181818187 46.9545454545454 0
-21.1818181818182 46.9545454545454 0
9.81818181818181 46.9545454545454 0
