-4.18181818181819 8.90909090909091 0
-35.1818181818182 -23.0909090909091 0
-46.1818181818182 -95.0909090909091 0
-56.1818181818182 -95.0909090909091 0
-15.1818181818182 -95.0909090909091 0
-25.1818181818182 -1.09090909090909 0
-25.1818181818182 -53.0909090909091 0
-4.18181818181819 -64.0909090909091 0
5.81818181818181 -95.0909090909091 0
4.81818181818181 -22.0909090909091 0
46.8181818181818 -43.0909090909091 0
35.8181818181818 -85.0909090909091 0
5.81818181818181 -95.0909090909091 0
36.8181818181818 -12.0909090909091 0
56.8181818181818 -43.0909090909091 0
-25.1818181818182 196.909090909091 0
-66.1818181818182 196.909090909091 0
46.8181818181818 -12.0909090909091 0
36.8181818181818 164.909090909091 0
-5.18181818181819 164.909090909091 0
-46.1818181818182 165.909090909091 0
77.8181818181818 -64.0909090909091 0
