-82.9545454545455 46.6818181818182 0
-71.9545454545455 4.68181818181819 0
-61.9545454545455 -37.3181818181818 0
-51.9545454545455 -78.3181818181818 0
-61.9545454545455 -110.318181818182 0
-31.9545454545455 -36.3181818181818 0
21.0454545454545 -37.3181818181818 0
52.0454545454545 -37.3181818181818 0
83.0454545454545 -36.3181818181818 0
-20.9545454545455 -6.31818181818181 0
31.0454545454545 -16.3181818181818 0
72.0454545454545 -5.31818181818181 0
103.045454545455 -5.31818181818181 0
-20.9545454545455 15.6818181818182 0
31.0454545454545 25.6818181818182 0
11.0454545454545 35.6818181818182 0
0.0454545454545325 35.6818181818182 0
-20.9545454545455 46.6818181818182 0
10.0454545454545 56.6818181818182 0
0.0454545454545325 56.6818181818182 0
-9.95454545454547 46.6818181818182 0
21.0454545454545 35.6818181818182 0
