-12.1890476190477 61.7533333333333 0
-25.0490476190477 61.0833333333333 0
-27.1890476190477 50.3333333333333 0
-10.6690476190477 44.1633333333333 0
7.11095238095231 34.3533333333333 0
-30.2290476190477 5.01333333333332 0
-36.4790476190477 -23.5366666666667 0
-36.5790476190477 -45.0366666666667 0
-35.5290476190477 -63.1466666666667 0
-10.7590476190477 3.06333333333328 0
-7.02904761904767 -29.9066666666667 0
0.900952380952333 -53.2066666666667 0
6.73095238095232 -74.2066666666667 0
6.66095238095232 11.5833333333333 0
24.7309523809523 -11.7666666666667 0
36.4309523809524 -32.9366666666667 0
44.3709523809523 -52.3866666666667 0
23.4309523809524 26.9933333333333 0
34.9009523809523 22.8833333333333 0
28.1509523809523 28.7233333333333 0
18.2809523809523 36.1833333333333 0
