-2.93904761904764 129.840476190476 0
-31.3990476190476 109.560476190476 0
-37.8790476190476 65.9804761904762 0
-4.74904761904764 35.4704761904762 0
28.2809523809524 24.1204761904762 0
-34.3290476190476 15.2604761904762 0
-48.1890476190476 -32.3495238095238 0
-53.1090476190477 -62.4195238095238 0
-57.2990476190477 -89.9095238095238 0
-4.89904761904762 10.9204761904762 0
-10.9490476190476 -42.7995238095238 0
-11.2190476190476 -76.9295238095238 0
-11.5090476190476 -105.529523809524 0
21.0109523809523 20.7904761904762 0
34.9309523809524 -18.4595238095238 0
44.6809523809524 -45.6095238095238 0
54.0109523809523 -69.2195238095238 0
42.7709523809523 42.0104761904762 0
39.9409523809524 12.8104761904762 0
26.3209523809523 28.1004761904762 0
16.5209523809523 48.3604761904762 0
