18.1280952380952 75.9957142857143 0
-6.98190476190473 73.0657142857143 0
-26.0119047619048 46.1657142857143 0
-18.6719047619048 24.8057142857143 0
-2.75190476190477 13.2857142857143 0
-14.1919047619048 15.9357142857143 0
-24.6819047619048 -10.4542857142857 0
-33.7319047619047 -33.1642857142857 0
-41.5319047619047 -51.1242857142857 0
5.94809523809522 8.60571428571433 0
4.75809523809522 -21.7342857142857 0
-1.49190476190478 -46.0242857142857 0
-8.07190476190476 -66.2542857142857 0
27.0780952380952 8.14571428571432 0
18.7680952380953 -21.8742857142857 0
6.53809523809525 -36.0642857142857 0
-2.15190476190475 -46.9442857142857 0
48.6380952380952 15.0957142857143 0
30.9680952380953 4.78571428571433 0
15.0480952380952 16.9957142857143 0
4.39809523809527 30.7557142857143 0
