7.56428571428575 90.3500000000001 0
-18.4757142857143 88.3500000000001 0
-40.5857142857142 70.9800000000001 0
-28.2157142857142 57.28 0
-2.00571428571425 51.09 0
-29.9857142857143 14.22 0
-33.6457142857142 -28.7 0
-32.9557142857142 -57.0399999999999 0
-30.0957142857142 -81.8099999999999 0
-4.72571428571428 12.3500000000001 0
-3.05571428571426 -35.92 0
1.43428571428575 -69.2899999999999 0
7.21428571428572 -99.6599999999999 0
17.9342857142857 21.0000000000001 0
21.8542857142858 -23.95 0
24.0042857142857 -53.1599999999999 0
27.7742857142857 -79.67 0
40.7042857142857 38.71 0
37.0842857142857 17.6700000000001 0
24.5642857142857 26.8000000000001 0
13.6142857142858 40.4 0
