8.93904761904764 85.7361904761906 0
-12.7809523809524 80.5961904761906 0
-21.1209523809524 62.6761904761906 0
-4.25095238095241 43.3061904761906 0
14.5490476190476 28.3761904761906 0
-25.4409523809524 11.6161904761906 0
-36.3309523809524 -23.1338095238094 0
-40.7909523809524 -46.2538095238094 0
-43.6909523809524 -67.0338095238094 0
-6.2009523809524 6.08619047619055 0
-8.77095238095239 -32.5438095238094 0
-6.84095238095239 -57.3538095238094 0
-5.84095238095239 -79.5738095238094 0
10.5390476190476 11.5061904761906 0
21.3190476190476 -18.6638095238094 0
30.4690476190476 -41.7538095238094 0
37.7890476190476 -62.6438095238094 0
25.9090476190476 26.0161904761906 0
26.7690476190476 11.8161904761906 0
20.3590476190476 23.6161904761906 0
15.4190476190476 37.6061904761906 0
