15.4985714285716 88.2519047619048
-10.2214285714285 81.9519047619048
-25.0414285714285 64.5519047619048
-12.6714285714285 50.5019047619048
6.09857142857152 39.2219047619047
-21.6414285714285 15.0419047619047
-39.7214285714285 -28.6580952380953
-48.9414285714284 -54.8480952380953
-54.5514285714285 -76.4980952380953
3.01857142857153 11.8119047619048
-7.84142857142848 -37.4880952380952
-13.8114285714285 -65.3580952380952
-15.1014285714285 -88.2780952380953
24.8685714285715 19.8619047619047
24.6985714285715 -23.6980952380952
24.8685714285715 -55.6280952380953
27.3285714285715 -82.7380952380952
44.4785714285715 36.6219047619048
34.6985714285715 24.8119047619048
24.8685714285715 33.8619047619047
19.1185714285715 46.7019047619048
