9.99380952380955 119.140952380952 0
-17.6461904761904 99.5909523809523 0
-28.6061904761905 67.2809523809523 0
-23.5161904761904 39.3909523809523 0
-16.9761904761905 14.8209523809523 0
-20.5461904761905 17.8209523809523 0
-34.3761904761905 -23.3290476190477 0
-42.2361904761905 -52.7190476190476 0
-46.7461904761905 -77.9490476190476 0
3.25380952380954 14.7109523809523 0
10.4738095238096 -34.4690476190476 0
15.9538095238095 -67.2090476190477 0
20.8638095238096 -92.5390476190476 0
22.8738095238095 23.9209523809524 0
32.0638095238095 -17.8690476190476 0
31.3438095238096 -46.6590476190476 0
30.7338095238096 -69.3290476190477 0
39.2238095238096 41.2209523809523 0
24.4238095238096 19.8709523809524 0
3.85380952380956 13.6609523809524 0
-14.4061904761904 10.6409523809523 0
