30.7428571428571 124.004285714286 0
-13.0871428571429 104.444285714286 0
-43.9871428571429 67.5842857142858 0
-32.9471428571429 46.3542857142858 0
-6.75714285714292 38.0342857142858 0
-18.8371428571429 -0.155714285714225 0
-36.3571428571429 -43.7857142857142 0
-47.8671428571429 -70.5457142857142 0
-59.0971428571429 -96.6957142857142 0
13.6028571428571 -1.98571428571427 0
6.38285714285706 -57.4957142857143 0
2.31285714285707 -90.6457142857142 0
-3.07714285714292 -118.415714285714 0
43.5028571428571 12.5742857142857 0
32.3128571428571 -23.2357142857143 0
11.1128571428571 -22.2157142857142 0
-7.07714285714292 -19.1657142857142 0
69.0228571428571 36.0642857142857 0
43.8128571428571 24.3742857142857 0
18.0428571428571 38.1242857142857 0
-1.75714285714292 52.7842857142858 0
