42.4219047619047 92.4242857142857 0
12.4719047619047 95.8842857142858 0
-8.49809523809529 76.1742857142857 0
8.15190476190475 46.4342857142857 0
29.1519047619047 26.1042857142857 0
-22.6780952380952 23.7242857142857 0
-48.4980952380953 -8.29571428571424 0
-62.3080952380953 -31.7557142857142 0
-73.8580952380952 -53.0957142857143 0
0.00190476190471145 9.62428571428575 0
-16.0980952380953 -32.4457142857142 0
-23.9380952380953 -61.3757142857143 0
-30.8080952380953 -87.2757142857143 0
21.6919047619047 8.06428571428575 0
13.1619047619047 -28.6057142857142 0
4.40190476190475 -54.1657142857142 0
-4.17809523809524 -77.2357142857142 0
46.7919047619047 15.6242857142857 0
40.7719047619048 -0.105714285714242 0
37.6019047619047 13.0542857142858 0
34.2419047619047 27.2442857142857 0
