191.409090909091 -157.545454545455 0
-14.5909090909091 41.4545454545454 0
-4.59090909090909 41.4545454545454 0
25.4090909090909 30.4545454545454 0
47.4090909090909 9.45454545454544 0
-15.5909090909091 9.45454545454544 0
-14.5909090909091 -10.5454545454546 0
5.40909090909091 -53.5454545454546 0
15.4090909090909 -94.5454545454546 0
-45.5909090909091 -0.545454545454561 0
-45.5909090909091 -20.5454545454546 0
-46.5909090909091 10.4545454545454 0
-46.5909090909091 41.4545454545454 0
-66.5909090909091 20.4545454545454 0
-76.5909090909091 -0.545454545454561 0
-66.5909090909091 10.4545454545454 0
-66.5909090909091 41.4545454545454 0
202.409090909091 30.4545454545454 0
242.409090909091 20.4545454545454 0
-76.5909090909091 10.4545454545454 0
-76.5909090909091 30.4545454545454 0
-66.5909090909091 -10.5454545454546 0
