24.2727272727273 -16.1363636363636 0
3.27272727272728 49.8636363636364 0
35.2727272727273 51.8636363636364 0
68.2727272727273 41.8636363636364 0
90.2727272727273 37.8636363636364 0
17.2727272727273 -3.13636363636363 0
34.2727272727273 -38.1363636363636 0
40.2727272727273 -62.1363636363636 0
55.2727272727273 -93.1363636363636 0
-11.7272727272727 -11.1363636363636 0
-0.72727272727272 -32.1363636363636 0
-6.72727272727272 3.86363636363637 0
-13.7272727272727 11.8636363636364 0
-34.7272727272727 -7.13636363636363 0
-30.7272727272727 -16.1363636363636 0
-30.7272727272727 14.8636363636364 0
-33.7272727272727 29.8636363636364 0
-37.7272727272727 -5.13636363636363 0
-26.7272727272727 -1.13636363636363 0
-52.7272727272727 9.86363636363637 0
-53.7272727272727 25.8636363636364 0
-34.7272727272727 7.86363636363637 0
