166.227272727273 -190.545454545455 0
32.2272727272727 39.4545454545454 0
52.2272727272727 59.4545454545454 0
83.2272727272727 39.4545454545454 0
93.2272727272727 28.4545454545454 0
32.2272727272727 -2.54545454545456 0
52.2272727272727 -2.54545454545456 0
53.2272727272727 -1.54545454545456 0
62.2272727272727 -12.5454545454546 0
-9.77272727272728 -22.5454545454546 0
-8.77272727272728 -43.5454545454546 0
-19.7727272727273 -2.54545454545456 0
-29.7727272727273 38.4545454545454 0
-39.7727272727273 -22.5454545454546 0
-50.7727272727273 -23.5454545454546 0
-50.7727272727273 18.4545454545454 0
-50.7727272727273 49.4545454545454 0
-71.7727272727273 -12.5454545454546 0
-81.7727272727273 -12.5454545454546 0
-81.7727272727273 18.4545454545454 0
-80.7727272727273 39.4545454545454 0
-50.7727272727273 18.4545454545454 0
