163.045454545455 -194.409090909091 0
35.0454545454545 39.5909090909091 0
46.0454545454545 56.5909090909091 0
92.0454545454545 38.5909090909091 0
87.0454545454545 23.5909090909091 0
32.0454545454545 -6.40909090909093 0
54.0454545454545 -2.40909090909093 0
49.0454545454545 -6.40909090909093 0
57.0454545454545 -17.4090909090909 0
-0.954545454545467 -14.4090909090909 0
-5.95454545454547 -41.4090909090909 0
-24.9545454545455 -5.40909090909093 0
-26.9545454545455 40.5909090909091 0
-32.9545454545455 -24.4090909090909 0
-52.9545454545455 -24.4090909090909 0
-48.9545454545455 22.5909090909091 0
-49.9545454545455 57.5909090909091 0
-77.9545454545455 -11.4090909090909 0
-83.9545454545455 -13.4090909090909 0
-79.9545454545455 16.5909090909091 0
-76.9545454545455 41.5909090909091 0
-52.9545454545455 24.5909090909091 0
