-70.6363636363636 70.0909090909091 0
-29.6363636363636 60.0909090909091 0
21.3636363636364 39.0909090909091 0
63.3636363636364 28.0909090909091 0
94.3636363636364 18.0909090909091 0
-8.63636363636363 -12.9090909090909 0
11.3636363636364 -65.9090909090909 0
32.3636363636364 -96.9090909090909 0
53.3636363636364 -117.909090909091 0
-29.6363636363636 -23.9090909090909 0
21.3636363636364 -33.9090909090909 0
22.3636363636364 18.0909090909091 0
11.3636363636364 39.0909090909091 0
-40.6363636363636 -23.9090909090909 0
1.36363636363637 -12.9090909090909 0
1.36363636363637 18.0909090909091 0
-18.6363636363636 18.0909090909091 0
-60.6363636363636 -12.9090909090909 0
-18.6363636363636 7.09090909090907 0
-18.6363636363636 28.0909090909091 0
-29.6363636363636 39.0909090909091 0
-8.63636363636363 18.0909090909091 0
