-23.2727272727273 52.0909090909091 0
18.7272727272727 41.0909090909091 0
69.7272727272727 41.0909090909091 0
80.7272727272727 41.0909090909091 0
100.727272727273 41.0909090909091 0
27.7272727272727 -0.909090909090935 0
28.7272727272727 -41.9090909090909 0
28.7272727272727 -63.9090909090909 0
28.7272727272727 -104.909090909091 0
7.72727272727273 10.0909090909091 0
-2.27272727272727 -10.9090909090909 0
-12.2727272727273 -20.9090909090909 0
-23.2727272727273 -31.9090909090909 0
-12.2727272727273 21.0909090909091 0
-23.2727272727273 10.0909090909091 0
-33.2727272727273 -10.9090909090909 0
-43.2727272727273 -21.9090909090909 0
-44.2727272727273 31.0909090909091 0
-43.2727272727273 20.0909090909091 0
-53.2727272727273 0.0909090909090651 0
-54.2727272727273 -10.9090909090909 0
-23.2727272727273 10.0909090909091 0
