-57.2272727272727 50.2727272727273 0
-15.2272727272727 50.2727272727273 0
25.7727272727273 40.2727272727273 0
66.7727272727273 40.2727272727273 0
87.7727272727273 50.2727272727273 0
15.7727272727273 -12.7272727272727 0
36.7727272727273 -53.7272727272727 0
46.7727272727273 -74.7272727272727 0
56.7727272727273 -106.727272727273 0
-5.22727272727272 -22.7272727272727 0
14.7727272727273 -22.7272727272727 0
4.77272727272728 8.27272727272725 0
-5.22727272727272 29.2727272727273 0
-26.2272727272727 -22.7272727272727 0
-15.2272727272727 -22.7272727272727 0
-15.2272727272727 18.2727272727273 0
-15.2272727272727 30.2727272727273 0
-56.2272727272727 -22.7272727272727 0
-46.2272727272727 -2.72727272727275 0
-36.2272727272727 9.27272727272725 0
-36.2272727272727 29.2727272727273 0
-26.2272727272727 8.27272727272725 0
