-17.0454545454546 17.9090909090909 0
33.9545454545454 38.9090909090909 0
44.9545454545454 59.9090909090909 0
64.9545454545454 69.9090909090909 0
64.9545454545454 59.9090909090909 0
44.9545454545454 -13.0909090909091 0
64.9545454545454 -86.0909090909091 0
65.9545454545454 -128.090909090909 0
95.9545454545454 -160.090909090909 0
2.95454545454544 -24.0909090909091 0
12.9545454545454 -45.0909090909091 0
2.95454545454544 17.9090909090909 0
-7.04545454545456 59.9090909090909 0
-38.0454545454546 -24.0909090909091 0
-38.0454545454546 -13.0909090909091 0
-38.0454545454546 28.9090909090909 0
-37.0454545454546 59.9090909090909 0
-79.0454545454546 -24.0909090909091 0
-79.0454545454546 -2.09090909090907 0
-69.0454545454546 28.9090909090909 0
-59.0454545454546 48.9090909090909 0
-38.0454545454546 28.9090909090909 0
