-37.8181818181818 47.3636363636364
3.18181818181819 58.3636363636364
44.1818181818182 68.3636363636364
75.1818181818182 68.3636363636364
96.1818181818182 68.3636363636364
24.1818181818182 5.36363636363637
54.1818181818182 -36.6363636363636
65.1818181818182 -67.6363636363636
65.1818181818182 -98.6363636363636
-6.81818181818181 -4.63636363636363
3.18181818181819 -25.6363636363636
3.18181818181819 -14.6363636363636
-6.81818181818181 5.36363636363637
-37.8181818181818 -4.63636363636363
-27.8181818181818 -25.6363636363636
-27.8181818181818 -14.6363636363636
-27.8181818181818 5.36363636363637
-58.8181818181818 6.36363636363637
-58.8181818181818 -15.6363636363636
-57.8181818181818 -14.6363636363636
-57.8181818181818 5.36363636363637
-27.8181818181818 -15.6363636363636
