248.590909090909 62.8636363636364 0
11.5909090909091 41.8636363636364 0
32.5909090909091 51.8636363636364 0
22.5909090909091 20.8636363636364 0
1.59090909090909 -0.136363636363626 0
21.5909090909091 -0.136363636363626 0
21.5909090909091 -41.1363636363636 0
11.5909090909091 -63.1363636363636 0
11.5909090909091 -104.136363636364 0
12.5909090909091 10.8636363636364 0
1.59090909090909 -10.1363636363636 0
-29.4090909090909 -20.1363636363636 0
-39.4090909090909 -31.1363636363636 0
-9.40909090909091 10.8636363636364 0
-19.4090909090909 -0.136363636363626 0
-29.4090909090909 -11.1363636363636 0
-29.4090909090909 9.86363636363637 0
-50.4090909090909 20.8636363636364 0
-60.4090909090909 9.86363636363637 0
-50.4090909090909 10.8636363636364 0
-50.4090909090909 30.8636363636364 0
-29.4090909090909 -0.136363636363626 0
