50.1818181818182 37.8636363636364 0
20.1818181818182 20.8636363636364 0
46.1818181818182 21.8636363636364 0
26.1818181818182 29.8636363636364 0
7.18181818181819 10.8636363636364 0
16.1818181818182 1.86363636363637 0
20.1818181818182 -15.1363636363636 0
17.1818181818182 -44.1363636363636 0
21.1818181818182 -70.1363636363636 0
3.18181818181819 27.8636363636364 0
8.18181818181819 -13.1363636363636 0
-2.81818181818181 -48.1363636363636 0
-5.81818181818181 -75.1363636363636 0
-11.8181818181818 27.8636363636364 0
-13.8181818181818 -2.13636363636363 0
-15.8181818181818 7.86363636363637 0
-17.8181818181818 -5.13636363636363 0
-30.8181818181818 36.8636363636364 0
-35.8181818181818 29.8636363636364 0
-41.8181818181818 7.86363636363637 0
-39.8181818181818 6.86363636363637 0
-19.8181818181818 4.86363636363637 0
