276.181818181818 -45.4545454545454 0
78.1818181818182 -124.454545454545 0
178.181818181818 -100.454545454545 0
-27.8181818181818 34.5454545454546 0
-2.81818181818181 32.5454545454546 0
-20.8181818181818 40.5454545454546 0
-22.8181818181818 2.54545454545456 0
-19.8181818181818 -33.4545454545454 0
-18.8181818181818 -75.4545454545454 0
-38.8181818181818 55.5454545454546 0
-11.8181818181818 10.5454545454546 0
-22.8181818181818 -60.4545454545454 0
-14.8181818181818 -94.4545454545454 0
-65.8181818181818 48.5454545454546 0
-6.81818181818181 2.54545454545456 0
-15.8181818181818 -33.4545454545454 0
-15.8181818181818 -62.4545454545454 0
-83.8181818181818 55.5454545454546 0
-54.8181818181818 66.5454545454546 0
-25.8181818181818 84.5454545454546 0
-35.8181818181818 113.545454545455 0
-26.8181818181818 82.5454545454546 0
