274.545454545455 -44.1363636363636 0
74.5454545454546 -121.136363636364 0
177.545454545455 -115.136363636364 0
-28.4545454545454 28.8636363636364 0
-6.45454545454544 33.8636363636364 0
-25.4545454545454 32.8636363636364 0
-21.4545454545454 0.863636363636374 0
-20.4545454545454 -35.1363636363636 0
-26.4545454545454 -72.1363636363636 0
-37.4545454545454 53.8636363636364 0
-11.4545454545454 12.8636363636364 0
-19.4545454545454 -53.1363636363636 0
-13.4545454545454 -90.1363636363636 0
-54.4545454545454 47.8636363636364 0
-12.4545454545454 -3.13636363636363 0
-6.45454545454544 -29.1363636363636 0
-20.4545454545454 -60.1363636363636 0
-82.4545454545454 59.8636363636364 0
-49.4545454545454 61.8636363636364 0
-32.4545454545454 90.8636363636364 0
-24.4545454545454 110.863636363636 0
-33.4545454545454 88.8636363636364 0
