270.409090909091 -44.5909090909091 0
73.4090909090909 -117.590909090909 0
176.409090909091 -107.590909090909 0
-29.5909090909091 28.4090909090909 0
-8.59090909090907 28.4090909090909 0
-19.5909090909091 39.4090909090909 0
-19.5909090909091 -2.59090909090907 0
-19.5909090909091 -34.5909090909091 0
-19.5909090909091 -75.5909090909091 0
-39.5909090909091 49.4090909090909 0
-9.59090909090907 7.40909090909093 0
-19.5909090909091 -54.5909090909091 0
-18.5909090909091 -86.5909090909091 0
-60.5909090909091 49.4090909090909 0
-8.59090909090907 -2.59090909090907 0
-9.59090909090907 -33.5909090909091 0
-18.5909090909091 -65.5909090909091 0
-80.5909090909091 60.4090909090909 0
-49.5909090909091 69.4090909090909 0
-29.5909090909091 90.4090909090909 0
-29.5909090909091 112.409090909091 0
-29.5909090909091 90.4090909090909 0
