271.409090909091 -48.5909090909091 0
70.4090909090909 -114.590909090909 0
172.409090909091 -114.590909090909 0
-35.5909090909091 31.4090909090909 0
-15.5909090909091 24.4090909090909 0
-17.5909090909091 45.4090909090909 0
-11.5909090909091 -5.59090909090907 0
-25.5909090909091 -31.5909090909091 0
-12.5909090909091 -78.5909090909091 0
-36.5909090909091 54.4090909090909 0
-10.5909090909091 13.4090909090909 0
-21.5909090909091 -56.5909090909091 0
-11.5909090909091 -93.5909090909091 0
-56.5909090909091 48.4090909090909 0
-14.5909090909091 -1.59090909090907 0
-11.5909090909091 -34.5909090909091 0
-17.5909090909091 -61.5909090909091 0
-76.5909090909091 62.4090909090909 0
-49.5909090909091 72.4090909090909 0
-30.5909090909091 95.4090909090909 0
-34.5909090909091 104.409090909091 0
-23.5909090909091 89.4090909090909 0
