267.181818181818 -51.1363636363636
69.1818181818182 -112.136363636364
171.181818181818 -102.136363636364
-31.8181818181818 27.8636363636364
-6.81818181818181 28.8636363636364
-18.8181818181818 44.8636363636364
-16.8181818181818 4.86363636363637
-23.8181818181818 -32.1363636363636
-16.8181818181818 -74.1363636363636
-42.8181818181818 53.8636363636364
-1.81818181818181 3.86363636363637
-21.8181818181818 -61.1363636363636
-16.8181818181818 -94.1363636363636
-66.8181818181818 55.8636363636364
-5.81818181818181 -8.13636363636363
-9.81818181818181 -31.1363636363636
-15.8181818181818 -72.1363636363636
-74.8181818181818 56.8636363636364
-54.8181818181818 67.8636363636364
-20.8181818181818 89.8636363636364
-29.8181818181818 111.863636363636
-30.8181818181818 91.8636363636364
