270.136363636364 -52.4090909090909 0
71.1363636363636 -123.409090909091 0
183.136363636364 -110.409090909091 0
-23.8636363636364 21.5909090909091 0
-10.8636363636364 25.5909090909091 0
-19.8636363636364 44.5909090909091 0
-15.8636363636364 3.59090909090907 0
-25.8636363636364 -29.4090909090909 0
-19.8636363636364 -80.4090909090909 0
-45.8636363636364 47.5909090909091 0
-5.86363636363637 14.5909090909091 0
-14.8636363636364 -56.4090909090909 0
-11.8636363636364 -79.4090909090909 0
-64.8636363636364 47.5909090909091 0
-3.86363636363637 1.59090909090907 0
-15.8636363636364 -36.4090909090909 0
-24.8636363636364 -59.4090909090909 0
-81.8636363636364 65.5909090909091 0
-55.8636363636364 64.5909090909091 0
-33.8636363636364 85.5909090909091 0
-25.8636363636364 115.590909090909 0
-22.8636363636364 89.5909090909091 0
