268.636363636364 -41 0
68.6363636363636 -120 0
182.636363636364 -111 0
-36.3636363636364 34 0
-10.3636363636364 28 0
-18.3636363636364 47 0
-19.3636363636364 -1 0
-25.3636363636364 -40 0
-17.3636363636364 -81 0
-34.3636363636364 54 0
-7.36363636363637 2 0
-22.3636363636364 -51 0
-21.3636363636364 -94 0
-63.3636363636364 46 0
-3.36363636363637 -3 0
-4.36363636363637 -32 0
-22.3636363636364 -59 0
-87.3636363636364 53 0
-42.3636363636364 71 0
-28.3636363636364 87 0
-24.3636363636364 118 0
-31.3636363636364 93 0
