268.954545454545 -47.9090909090909 0
76.9545454545454 -119.909090909091 0
179.954545454545 -105.909090909091 0
-31.0454545454546 28.0909090909091 0
-6.04545454545456 27.0909090909091 0
-22.0454545454546 37.0909090909091 0
-21.0454545454546 -1.90909090909093 0
-22.0454545454546 -29.9090909090909 0
-28.0454545454546 -79.9090909090909 0
-33.0454545454546 53.0909090909091 0
-3.04545454545456 12.0909090909091 0
-24.0454545454546 -57.9090909090909 0
-16.0454545454546 -88.9090909090909 0
-63.0454545454546 53.0909090909091 0
-6.04545454545456 -0.909090909090935 0
-5.04545454545456 -29.9090909090909 0
-18.0454545454546 -62.9090909090909 0
-77.0454545454546 62.0909090909091 0
-55.0454545454546 69.0909090909091 0
-33.0454545454546 82.0909090909091 0
-37.0454545454546 107.090909090909 0
-25.0454545454546 95.0909090909091 0
