24.9071428571428 50.0009523809524
-6.15285714285721 52.2009523809524
-38.1328571428572 36.4609523809524
-52.3528571428572 9.62095238095239
-47.8828571428572 -15.5190476190476
-31.8028571428572 -7.2390476190476
-33.3128571428572 -28.5390476190476
-22.8128571428572 -2.4590476190476
-17.9228571428572 16.2409523809524
-6.21285714285722 -15.3390476190476
-9.58285714285722 -35.7890476190476
0.167142857142778 1.24095238095239
1.8271428571428 16.7909523809524
17.8271428571428 -16.7890476190476
17.6071428571428 -35.4290476190476
21.3871428571428 -0.909047619047612
20.2171428571428 13.0909523809524
43.6071428571428 -13.9390476190476
41.4071428571428 -28.0890476190476
40.9871428571428 -3.55904761904762
36.2271428571428 7.9509523809524
