24.0804761904762 92.8861904761905 0
-20.6295238095238 68.8461904761905 0
-56.4695238095238 25.2361904761904 0
-70.6395238095238 -16.6738095238095 0
-60.1895238095238 -50.0038095238095 0
-29.8995238095238 -20.9738095238095 0
-31.7095238095238 -49.2238095238095 0
-30.7395238095238 -14.9838095238095 0
-28.8295238095238 16.5161904761905 0
1.3804761904762 -19.3738095238095 0
-0.259523809523841 -45.5138095238095 0
-5.44952380952384 -1.65380952380954 0
-10.1595238095238 28.0261904761905 0
32.2104761904762 -12.7638095238095 0
32.6304761904761 -34.8138095238095 0
22.0104761904761 4.66619047619048 0
12.9804761904762 29.2961904761904 0
62.9104761904762 -1.31380952380954 0
62.1104761904762 -21.4538095238095 0
51.6804761904762 3.58619047619047 0
42.9804761904762 19.6861904761905 0
