18.0300000000001 89.49
-21.1499999999999 72.52
-44.3299999999999 32
-49.3899999999999 -0.800000000000011
-45.4099999999999 -26.2
-19.0199999999999 -7.30000000000001
-28.3099999999998 -36.25
-30.5399999999998 -4.61000000000001
-24.9999999999998 17.26
2.73000000000013 -10.27
-5.15999999999985 -45.12
-8.95999999999987 -5.41000000000003
-2.05999999999983 14.78
27.7100000000002 -9.56
20.7900000000001 -45.25
13.4300000000001 -5.38
17.9500000000002 15.72
55.0700000000002 -3.93000000000001
48.3000000000001 -36.3200000000001
37.6800000000001 -11.79
37.6400000000002 6.41999999999996
