15.3185714285714 46.9519047619048
-9.99142857142857 41.4019047619047
-33.7714285714285 14.5119047619048
-43.0914285714286 -9.24809523809523
-43.2414285714286 -27.8780952380952
-20.8914285714285 -9.17809523809524
-24.3314285714285 -28.8780952380952
-20.0714285714286 -10.0680952380952
-16.7914285714286 7.25190476190477
-1.9614285714286 -10.3680952380952
-4.4614285714286 -27.2880952380953
-0.44142857142856 0.77190476190475
2.15857142857141 19.9119047619047
17.3385714285714 -8.43809523809523
15.4185714285715 -22.4380952380952
16.8585714285715 5.95190476190476
18.3485714285714 25.2219047619047
37.0485714285714 -4.43809523809523
33.3585714285715 -19.8680952380952
31.5885714285714 -0.188095238095229
31.6085714285715 16.3019047619048
