20.912380952381 76.5442857142858 0
-16.127619047619 61.7842857142858 0
-49.257619047619 21.2442857142858 0
-48.8376190476191 -20.9357142857142 0
-19.197619047619 -38.2557142857142 0
-30.167619047619 -5.75571428571425 0
-40.427619047619 -33.2057142857142 0
-32.547619047619 -7.19571428571425 0
-25.4076190476191 2.77428571428578 0
-2.24761904761903 -9.41571428571422 0
-9.54761904761904 -33.5957142857142 0
-5.02761904761905 5.54428571428576 0
-1.28761904761905 14.2742857142858 0
22.412380952381 -8.07571428571424 0
17.622380952381 -29.2557142857142 0
17.652380952381 10.3942857142858 0
21.412380952381 24.2642857142858 0
50.462380952381 -5.01571428571424 0
46.712380952381 -30.0457142857142 0
41.8623809523809 -5.41571428571422 0
41.032380952381 9.34428571428577 0
