11.4814285714287 74.9123809523809
-22.3085714285713 63.6323809523809
-56.6485714285713 29.1523809523809
-71.1285714285713 -3.34761904761911
-48.9485714285713 -17.9276190476191
-26.6785714285713 -30.5776190476191
-37.2585714285713 -52.3076190476191
-36.5785714285713 -8.98761904761909
-30.7785714285713 7.32238095238091
6.96142857142871 -27.8076190476191
-5.94857142857126 -45.7276190476191
-10.4485714285713 7.13238095238088
-4.7785714285713 14.0023809523809
38.5714285714287 -18.9476190476191
27.3314285714287 -32.9876190476191
18.7914285714287 14.2523809523809
23.6214285714287 19.6723809523809
70.0414285714287 -6.51761904761909
58.7714285714287 -18.2276190476191
47.4814285714287 13.2123809523809
48.4514285714287 20.0723809523809
