19.2538095238096 71.1214285714286
-23.9261904761904 60.7814285714286
-60.3861904761904 30.6614285714286
-67.3161904761904 -7.87857142857141
-47.9761904761904 -41.5285714285714
-40.6761904761904 -24.0485714285714
-34.4361904761904 -45.4585714285714
-26.6361904761904 -8.17857142857142
-23.7161904761904 23.7414285714286
-5.1961904761904 -26.8585714285714
-5.32619047619039 -49.9185714285714
-2.47619047619042 1.28142857142859
-0.726190476190425 30.4514285714286
28.9438095238096 -22.4985714285714
30.3638095238096 -45.8685714285714
24.9438095238096 6.45142857142858
20.1938095238096 36.5914285714286
62.7838095238096 -11.2885714285714
60.3038095238096 -24.4285714285714
50.5238095238096 12.9514285714286
41.4838095238096 33.9214285714286
