33.6809523809524 59.0742857142857
0.22095238095244 52.9642857142858
-33.0890476190476 35.3542857142858
-47.2590476190476 10.4742857142858
-28.8790476190476 -4.43571428571423
-21.3990476190476 -15.2657142857142
-35.8090476190476 -27.3757142857143
-31.2590476190476 0.534285714285772
-21.0290476190476 12.9242857142858
1.22095238095244 -23.5657142857143
-16.7290476190475 -33.4757142857142
-10.8590476190475 1.69428571428577
0.620952380952417 8.32428571428576
24.9709523809524 -24.7457142857142
8.80095238095242 -28.3057142857142
11.2609523809525 2.59428571428577
20.4909523809524 5.64428571428576
48.9209523809524 -21.9057142857142
32.1409523809525 -18.0357142857142
29.2009523809525 3.14428571428576
34.7809523809524 4.38428571428577
