27.4904761904762 64.1095238095238
2.11047619047616 55.6295238095238
-26.3295238095239 30.1195238095238
-46.1395238095238 10.2795238095238
-68.1995238095238 1.07952380952378
-14.7195238095239 -12.7104761904762
-31.2495238095239 -47.8404761904762
-42.3395238095239 -70.1104761904762
-51.4495238095238 -89.3704761904762
9.06047619047615 -15.3304761904762
-9.36952380952386 -25.1004761904762
-7.25952380952384 11.6795238095238
-1.51952380952389 30.9595238095238
33.7104761904762 -10.8104761904762
18.0504761904762 -15.2304761904762
15.8904761904761 19.9095238095238
17.6604761904761 36.1695238095238
58.6204761904762 -2.9404761904762
45.6704761904761 -11.0604761904762
36.6804761904761 13.4795238095238
33.6304761904761 27.0895238095238
