54.3528571428572 68.402380952381 0
17.3028571428572 53.9423809523809 0
-15.2971428571428 27.3523809523809 0
-38.9971428571428 9.20238095238096 0
-65.7171428571428 0.382380952380913 0
3.05285714285719 -13.0776190476191 0
-23.8671428571428 -23.4576190476191 0
-47.6571428571428 -17.1076190476191 0
-65.7971428571428 -11.6676190476191 0
17.6828571428572 -20.3976190476191 0
-17.6571428571428 -29.3576190476191 0
-9.0771428571428 2.98238095238094 0
5.31285714285718 7.93238095238092 0
34.7728571428572 -22.1976190476191 0
-3.96714285714279 -26.0476190476191 0
5.9828571428572 5.88238095238091 0
22.3528571428572 9.19238095238092 0
53.3728571428572 -18.2076190476191 0
17.3828571428572 -19.3376190476191 0
20.5828571428572 5.28238095238095 0
35.8828571428572 10.3023809523809 0
