33.8366666666667 63.0604761904762 0
4.40666666666669 40.9604761904762 0
-15.7733333333333 13.7904761904762 0
-33.6133333333333 -1.66952380952381 0
-56.7933333333333 -10.0395238095238 0
13.2866666666667 -22.7095238095238 0
-19.0233333333333 -27.2495238095238 0
-40.8133333333333 -24.1095238095238 0
-60.4733333333333 -20.1695238095238 0
27.8366666666667 -22.9095238095238 0
-13.8533333333333 -25.4895238095238 0
-8.07333333333332 3.08047619047619 0
3.69666666666672 10.4104761904762 0
40.9966666666667 -17.1995238095238 0
-3.02333333333331 -16.2095238095238 0
2.60666666666668 11.3204761904762 0
15.7866666666667 16.6504761904762 0
50.7166666666667 -5.03952380952381 0
14.7366666666667 -3.3095238095238 0
15.8966666666667 16.1304761904762 0
27.6366666666667 20.7004761904762 0
