81.7633333333334 43.2957142857143
39.0033333333334 47.7057142857142
-11.3266666666666 28.0557142857143
-47.3666666666666 11.4757142857143
-78.7966666666666 4.00571428571425
-3.40666666666664 -24.8742857142857
-52.4066666666666 -22.5142857142857
-82.3266666666666 -17.8042857142858
-107.926666666667 -13.2642857142857
18.8433333333334 -36.8342857142858
-29.3566666666666 -19.1142857142858
-8.4466666666666 18.3257142857142
11.6333333333334 24.8757142857143
43.8833333333334 -37.8542857142857
-5.0766666666666 -18.7642857142857
14.4133333333334 15.5357142857143
35.4733333333334 17.8757142857143
67.9933333333334 -30.3942857142858
25.7133333333334 -12.5342857142857
35.0733333333334 11.1157142857143
52.6433333333334 11.6857142857143
