26.6271428571429 77.7809523809524
-0.922857142857083 69.6409523809523
-35.9528571428571 28.4509523809523
-52.7428571428571 -4.38904761904763
-62.7128571428571 -19.4390476190476
-16.1328571428571 -34.4690476190476
-33.6928571428571 -57.0290476190476
-48.8428571428571 -46.0190476190476
-58.7328571428571 -26.5190476190476
15.4671428571429 -36.5590476190476
-11.8628571428571 -39.6590476190476
-16.9228571428571 10.5209523809523
-10.8128571428571 34.4309523809524
46.9871428571429 -27.9790476190476
18.6371428571429 -21.9890476190476
12.7771428571429 24.3509523809524
18.6871428571429 41.8609523809524
77.6371428571429 -13.2890476190476
51.6071428571429 -12.9390476190476
39.4871428571429 20.1309523809524
41.4171428571429 33.1109523809524
