34.04 95.7033333333333 0
-9.13000000000005 76.9533333333333 0
-39.1300000000001 39.8433333333333 0
-47.33 3.65333333333331 0
-58.3100000000001 -25.5866666666667 0
-33.58 -22.3066666666667 0
-43.02 -56.5966666666667 0
-50.84 -57.4666666666667 0
-56.3200000000001 -41.1166666666667 0
1.71999999999997 -27.5066666666667 0
-15.15 -47.9566666666667 0
-11.02 1.80333333333328 0
-4.53000000000003 39.0233333333333 0
36.8099999999999 -25.6766666666667 0
21.09 -32.5366666666667 0
22.8699999999999 18.1433333333333 0
26.7499999999999 50.8133333333333 0
72.2599999999999 -17.4366666666667 0
54.21 -24.7366666666667 0
49.23 14.1033333333333 0
49.3799999999999 38.8833333333333 0
