50.3157142857143 52.2857142857143
24.8457142857143 53.9457142857143
-13.2742857142857 35.6157142857143
-43.3042857142857 25.8557142857143
-68.4842857142857 27.1857142857143
-8.15428571428572 -9.87428571428569
-35.7842857142857 -30.7142857142857
-57.9042857142857 -43.9242857142857
-72.8642857142857 -55.3042857142857
10.0657142857143 -20.3142857142857
-19.0142857142857 -26.2442857142857
-9.96428571428572 6.1657142857143
3.70571428571429 12.6657142857143
33.4557142857143 -22.6642857142857
6.61571428571426 -22.9642857142857
11.7757142857143 9.1357142857143
23.8857142857143 12.6857142857143
59.2157142857143 -19.3242857142857
35.7357142857143 -13.7642857142857
31.1457142857143 11.5657142857143
37.9857142857143 17.9857142857143
