84.5 180.754761904762
6.34999999999991 148.754761904762
-70 69.1747619047619
-137.99 20.8747619047619
-202.47 3.57476190476189
-9.18000000000006 -47.4852380952381
-37.5400000000001 -129.555238095238
-79.4300000000001 -166.375238095238
-122.28 -184.865238095238
44.6699999999998 -59.5452380952381
-28.6400000000001 -52.2352380952381
-19.1400000000001 34.3847619047619
11.8299999999999 41.0247619047619
95.8299999999999 -49.1752380952381
17.87 -23.4952380952381
23.9599999999999 53.5147619047619
50.5799999999999 55.3047619047619
138.11 -22.3152380952381
69.6199999999999 7.0547619047619
68.49 59.7747619047619
94.8599999999999 60.8547619047619
