26.2657142857143 56.7452380952381
4.98571428571427 52.7952380952381
-23.5342857142857 33.4052380952381
-47.1842857142857 21.7152380952381
-69.7442857142858 14.8152380952381
2.33571428571429 -17.1847619047619
-6.3642857142857 -44.9147619047619
-21.3442857142857 -60.6547619047619
-33.3642857142857 -72.4647619047619
19.6257142857143 -18.8647619047619
-17.9442857142857 -22.4647619047619
-13.6742857142857 7.77523809523808
0.0457142857142685 10.2452380952381
35.8857142857143 -14.2347619047619
0.115714285714262 -11.9147619047619
3.73571428571427 16.4452380952381
16.1757142857143 16.6452380952381
50.7657142857142 -4.98476190476191
21.0757142857143 -1.82476190476189
20.4857142857143 17.8652380952381
31.6557142857143 21.0552380952381
