274.545454545455 -44.1363636363636
74.5454545454546 -121.136363636364
177.545454545455 -115.136363636364
-28.4545454545454 28.8636363636364
-6.45454545454544 33.8636363636364
-25.4545454545454 32.8636363636364
-21.4545454545454 0.863636363636374
-20.4545454545454 -35.1363636363636
-26.4545454545454 -72.1363636363636
-37.4545454545454 53.8636363636364
-11.4545454545454 12.8636363636364
-19.4545454545454 -53.1363636363636
-13.4545454545454 -90.1363636363636
-54.4545454545454 47.8636363636364
-12.4545454545454 -3.13636363636363
-6.45454545454544 -29.1363636363636
-20.4545454545454 -60.1363636363636
-82.4545454545454 59.8636363636364
-49.4545454545454 61.8636363636364
-32.4545454545454 90.8636363636364
-24.4545454545454 110.863636363636
