273.636363636364 -40.1363636363636
76.6363636363636 -114.136363636364
174.636363636364 -106.136363636364
-34.3636363636364 24.8636363636364
-11.3636363636364 30.8636363636364
-15.3636363636364 40.8636363636364
-21.3636363636364 3.86363636363637
-21.3636363636364 -37.1363636363636
-24.3636363636364 -70.1363636363636
-36.3636363636364 42.8636363636364
-14.3636363636364 12.8636363636364
-21.3636363636364 -58.1363636363636
-19.3636363636364 -92.1363636363636
-66.3636363636364 43.8636363636364
-0.363636363636374 -0.136363636363626
-12.3636363636364 -35.1363636363636
-11.3636363636364 -60.1363636363636
-77.3636363636364 53.8636363636364
-49.3636363636364 65.8636363636364
-30.3636363636364 88.8636363636364
-23.3636363636364 118.863636363636
