31.8636363636364 107.818181818182 0
41.8636363636364 76.8181818181818 0
31.8636363636364 45.8181818181818 0
11.8636363636364 14.8181818181818 0
-9.13636363636363 -6.18181818181819 0
31.8636363636364 13.8181818181818 0
31.8636363636364 -17.1818181818182 0
41.8636363636364 -48.1818181818182 0
31.8636363636364 -59.1818181818182 0
11.8636363636364 13.8181818181818 0
0.863636363636374 -27.1818181818182 0
0.863636363636374 -48.1818181818182 0
0.863636363636374 -70.1818181818182 0
-9.13636363636363 14.8181818181818 0
-20.1363636363636 -17.1818181818182 0
-30.1363636363636 -17.1818181818182 0
-30.1363636363636 -27.1818181818182 0
-30.1363636363636 24.8181818181818 0
-40.1363636363636 3.81818181818181 0
-40.1363636363636 3.81818181818181 0
-30.1363636363636 24.8181818181818 0
-30.1363636363636 -7.18181818181819 0
