26.6363636363636 101.454545454545 0
15.6363636363636 72.4545454545455 0
49.6363636363636 41.4545454545455 0
11.6363636363636 23.4545454545455 0
-6.36363636363637 -0.545454545454533 0
10.6363636363636 9.45454545454547 0
19.6363636363636 -35.5454545454545 0
20.6363636363636 -49.5454545454545 0
20.6363636363636 -64.5454545454545 0
-4.36363636363637 16.4545454545455 0
-2.36363636363637 -41.5454545454545 0
-1.36363636363637 -68.5454545454545 0
3.63636363636363 -91.5454545454545 0
-14.3636363636364 19.4545454545455 0
-18.3636363636364 -16.5454545454545 0
-12.3636363636364 -12.5454545454545 0
-11.3636363636364 8.45454545454547 0
-25.3636363636364 29.4545454545455 0
-26.3636363636364 14.4545454545455 0
-21.3636363636364 21.4545454545455 0
-14.3636363636364 38.4545454545455 0
-20.3636363636364 -15.5454545454545 0
