-29.4545454545455 80.7727272727273
12.5454545454545 70.7727272727273
43.5454545454545 59.7727272727273
53.5454545454545 49.7727272727273
43.5454545454545 38.7727272727273
22.5454545454545 -3.22727272727275
33.5454545454545 -34.2272727272727
43.5454545454545 -55.2272727272727
63.5454545454545 -65.2272727272727
-7.45454545454547 -3.22727272727275
-7.45454545454547 -55.2272727272727
2.54545454545453 -76.2272727272727
12.5454545454545 -107.227272727273
-28.4545454545455 7.77272727272725
-28.4545454545455 -24.2272727272727
-8.45454545454547 -3.22727272727275
-7.45454545454547 28.7727272727273
-59.4545454545455 17.7727272727273
-49.4545454545455 -2.22727272727275
-38.4545454545455 17.7727272727273
-28.4545454545455 39.7727272727273
-38.4545454545455 17.7727272727273
