-30.5 85.6363636363636
15.5 71.6363636363636
45.5 61.6363636363636
54.5 53.6363636363636
42.5 42.6363636363636
20.5 -5.36363636363637
37.5 -35.3636363636364
38.5 -54.3636363636364
62.5 -59.3636363636364
-7.5 -4.36363636363637
-11.5 -61.3636363636364
3.5 -77.3636363636364
12.5 -105.363636363636
-31.5 1.63636363636363
-26.5 -31.3636363636364
-6.5 -4.36363636363637
-4.5 31.6363636363636
-50.5 19.6363636363636
-51.5 -5.36363636363637
-40.5 18.6363636363636
-31.5 46.6363636363636
-40.5 10.6363636363636
