-34.4545454545455 75.3636363636364 0
10.5454545454545 70.3636363636364 0
44.5454545454545 60.3636363636364 0
49.5454545454545 47.3636363636364 0
42.5454545454545 36.3636363636364 0
20.5454545454545 -1.63636363636363 0
29.5454545454545 -30.6363636363636 0
43.5454545454545 -49.6363636363636 0
66.5454545454545 -69.6363636363636 0
-8.45454545454547 -0.636363636363626 0
-0.454545454545467 -50.6363636363636 0
8.54545454545453 -73.6363636363636 0
17.5454545454545 -111.636363636364 0
-27.4545454545455 0.363636363636374 0
-32.4545454545455 -25.6363636363636 0
-6.45454545454547 -2.63636363636363 0
-7.45454545454547 28.3636363636364 0
-52.4545454545455 15.3636363636364 0
-49.4545454545455 0.363636363636374 0
-37.4545454545455 22.3636363636364 0
-33.4545454545455 45.3636363636364 0
-43.4545454545455 14.3636363636364 0
