-25.8181818181818 77.0454545454546 0
13.1818181818182 77.0454545454546 0
37.1818181818182 62.0454545454546 0
45.1818181818182 49.0454545454546 0
43.1818181818182 33.0454545454546 0
16.1818181818182 -1.95454545454544 0
38.1818181818182 -37.9545454545454 0
47.1818181818182 -51.9545454545454 0
59.1818181818182 -69.9545454545454 0
-6.81818181818181 -6.95454545454544 0
-10.8181818181818 -55.9545454545454 0
3.18181818181819 -80.9545454545454 0
18.1818181818182 -99.9545454545454 0
-27.8181818181818 15.0454545454546 0
-24.8181818181818 -26.9545454545454 0
-6.81818181818181 -2.95454545454544 0
-4.81818181818181 32.0454545454546 0
-54.8181818181818 25.0454545454546 0
-48.8181818181818 -7.95454545454544 0
-35.8181818181818 21.0454545454546 0
-35.8181818181818 36.0454545454546 0
-37.8181818181818 16.0454545454546 0
