-32.0454545454545 82.6363636363636 0
4.95454545454547 68.6363636363636 0
42.9545454545455 56.6363636363636 0
59.9545454545455 49.6363636363636 0
39.9545454545455 36.6363636363636 0
19.9545454545455 -6.36363636363637 0
37.9545454545455 -34.3636363636364 0
48.9545454545455 -60.3636363636364 0
61.9545454545455 -65.3636363636364 0
-10.0454545454545 -11.3636363636364 0
-1.04545454545453 -54.3636363636364 0
-0.0454545454545325 -79.3636363636364 0
6.95454545454547 -108.363636363636 0
-35.0454545454545 9.63636363636363 0
-25.0454545454545 -18.3636363636364 0
-15.0454545454545 -4.36363636363637 0
-3.04545454545453 34.6363636363636 0
-55.0454545454545 22.6363636363636 0
-44.0454545454545 1.63636363636363 0
-39.0454545454545 21.6363636363636 0
-25.0454545454545 39.6363636363636 0
-39.0454545454545 18.6363636363636 0
