-34.2272727272727 74.2272727272727 0
14.7727272727273 73.2272727272727 0
49.7727272727273 55.2272727272727 0
54.7727272727273 48.2272727272727 0
44.7727272727273 46.2272727272727 0
24.7727272727273 2.22727272727275 0
25.7727272727273 -38.7727272727273 0
38.7727272727273 -52.7727272727273 0
61.7727272727273 -60.7727272727273 0
-5.22727272727272 5.22727272727275 0
-1.22727272727272 -47.7727272727273 0
2.77272727272728 -81.7727272727273 0
19.7727272727273 -112.772727272727 0
-25.2272727272727 10.2272727272727 0
-35.2272727272727 -22.7727272727273 0
-3.22727272727272 -7.77272727272725 0
-8.22727272727272 24.2272727272727 0
-53.2272727272727 11.2272727272727 0
-54.2272727272727 -6.77272727272725 0
-40.2272727272727 21.2272727272727 0
-34.2272727272727 46.2272727272727 0
-43.2272727272727 14.2272727272727 0
