-29.3181818181818 87.9545454545454 0
10.6818181818182 69.9545454545454 0
44.6818181818182 61.9545454545454 0
52.6818181818182 45.9545454545454 0
48.6818181818182 34.9545454545454 0
22.6818181818182 -7.04545454545456 0
36.6818181818182 -42.0454545454546 0
41.6818181818182 -63.0454545454546 0
61.6818181818182 -61.0454545454546 0
-2.31818181818181 -5.04545454545456 0
-13.3181818181818 -59.0454545454546 0
2.68181818181819 -72.0454545454546 0
4.68181818181819 -103.045454545455 0
-33.3181818181818 8.95454545454544 0
-27.3181818181818 -20.0454545454546 0
-7.31818181818181 -3.04545454545456 0
-6.31818181818181 32.9545454545454 0
-58.3181818181818 14.9545454545454 0
-43.3181818181818 2.95454545454544 0
-47.3181818181818 21.9545454545454 0
-25.3181818181818 33.9545454545454 0
-33.3181818181818 18.9545454545454 0
