-28.7727272727273 100.727272727273 0
2.22727272727272 80.7272727272727 0
13.2272727272727 69.7272727272727 0
12.2272727272727 38.7272727272727 0
2.22727272727272 17.7272727272727 0
33.2272727272727 17.7272727272727 0
54.2272727272727 -24.2727272727273 0
54.2272727272727 -45.2727272727273 0
64.2272727272727 -76.2727272727273 0
12.2272727272727 17.7272727272727 0
12.2272727272727 -35.2727272727273 0
13.2272727272727 -66.2727272727273 0
13.2272727272727 -97.2727272727273 0
-18.7727272727273 17.7272727272727 0
-18.7727272727273 -34.2727272727273 0
-17.7727272727273 -14.2727272727273 0
-8.77272727272728 7.72727272727272 0
-48.7727272727273 27.7272727272727 0
-48.7727272727273 -3.27272727272728 0
-38.7727272727273 6.72727272727272 0
-38.7727272727273 17.7272727272727 0
-18.7727272727273 -24.2727272727273 0
