-71.5454545454545 121.681818181818
-30.5454545454545 121.681818181818
21.4545454545455 110.681818181818
73.4545454545455 79.6818181818182
93.4545454545455 48.6818181818182
0.454545454545467 27.6818181818182
42.4545454545455 -3.31818181818181
73.4545454545455 16.6818181818182
83.4545454545455 48.6818181818182
-29.5454545454545 17.6818181818182
11.4545454545455 -46.3181818181818
42.4545454545455 -66.3181818181818
83.4545454545455 -56.3181818181818
-50.5454545454545 16.6818181818182
-30.5454545454545 -45.3181818181818
-9.54545454545453 -77.3181818181818
31.4545454545455 -108.318181818182
-71.5454545454545 27.6818181818182
-71.5454545454545 -24.3181818181818
-70.5454545454545 -56.3181818181818
-50.5454545454545 -97.3181818181818
