-83.1363636363636 239.181818181818
-5.13636363636363 176.181818181818
57.8636363636364 130.181818181818
119.863636363636 98.1818181818182
150.863636363636 51.1818181818182
-4.13636363636363 35.1818181818182
56.8636363636364 -11.8181818181818
103.863636363636 5.18181818181819
120.863636363636 51.1818181818182
-36.1363636363636 35.1818181818182
-4.13636363636363 -58.8181818181818
41.8636363636364 -105.818181818182
72.8636363636364 -151.818181818182
-67.1363636363636 36.1818181818182
-52.1363636363636 -57.8181818181818
-36.1363636363636 -105.818181818182
-21.1363636363636 -167.818181818182
-83.1363636363636 51.1818181818182
-83.1363636363636 -10.8181818181818
-99.1363636363636 -42.8181818181818
-114.136363636364 -89.8181818181818
