-83.2272727272727 104.409090909091
-42.2272727272727 93.4090909090909
-0.227272727272748 83.4090909090909
40.7727272727273 72.4090909090909
71.7727272727273 62.4090909090909
-11.2272727272727 30.4090909090909
29.7727272727273 20.4090909090909
50.7727272727273 31.4090909090909
70.7727272727273 62.4090909090909
-21.2272727272727 10.4090909090909
9.77272727272725 -31.5909090909091
39.7727272727273 -52.5909090909091
60.7727272727273 -63.5909090909091
-32.2272727272727 9.40909090909091
-21.2272727272727 -42.5909090909091
-1.22727272727275 -73.5909090909091
19.7727272727273 -94.5909090909091
-42.2272727272727 9.40909090909091
-42.2272727272727 -31.5909090909091
-42.2272727272727 -62.5909090909091
-22.2272727272727 -84.5909090909091
