-33.3181818181818 106.090909090909
17.6818181818182 85.0909090909091
38.6818181818182 65.0909090909091
58.6818181818182 44.0909090909091
68.6818181818182 22.0909090909091
27.6818181818182 33.0909090909091
28.6818181818182 2.09090909090909
38.6818181818182 2.09090909090909
48.6818181818182 13.0909090909091
-2.31818181818181 22.0909090909091
-3.31818181818181 -18.9090909090909
7.68181818181819 -49.9090909090909
17.6818181818182 -71.9090909090909
-23.3181818181818 12.0909090909091
-23.3181818181818 -18.9090909090909
-23.3181818181818 -49.9090909090909
-13.3181818181818 -70.9090909090909
-34.3181818181818 13.0909090909091
-54.3181818181818 -18.9090909090909
-54.3181818181818 -29.9090909090909
-64.3181818181818 -50.9090909090909
