-61.6363636363636 124.409090909091
-20.6363636363636 92.4090909090909
30.3636363636364 71.4090909090909
72.3636363636364 50.4090909090909
72.3636363636364 39.4090909090909
-9.63636363636363 9.40909090909093
30.3636363636364 -22.5909090909091
51.3636363636364 -1.59090909090907
62.3636363636364 29.4090909090909
-30.6363636363636 9.40909090909093
0.363636363636374 -42.5909090909091
41.3636363636364 -63.5909090909091
52.3636363636364 -74.5909090909091
-51.6363636363636 19.4090909090909
-10.6363636363636 -32.5909090909091
10.3636363636364 -53.5909090909091
51.3636363636364 -74.5909090909091
-62.6363636363636 40.4090909090909
-72.6363636363636 -1.59090909090907
-61.6363636363636 -32.5909090909091
-31.6363636363636 -53.5909090909091
