-61.9545454545455 78.6363636363636
-20.9545454545455 78.6363636363636
10.0454545454545 88.6363636363636
31.0454545454545 78.6363636363636
41.0454545454545 56.6363636363636
10.0454545454545 25.6363636363636
40.0454545454545 15.6363636363636
41.0454545454545 26.6363636363636
40.0454545454545 56.6363636363636
-10.9545454545455 15.6363636363636
20.0454545454545 -25.3636363636364
41.0454545454545 -36.3636363636364
62.0454545454545 -57.3636363636364
-31.9545454545455 4.63636363636363
-10.9545454545455 -36.3636363636364
10.0454545454545 -57.3636363636364
30.0454545454545 -78.3636363636364
-61.9545454545455 4.63636363636363
-51.9545454545455 -36.3636363636364
-41.9545454545455 -57.3636363636364
-41.9545454545455 -88.3636363636364
