56.2142857142857 14.4590476190476
41.6942857142857 -0.360952380952426
23.9642857142857 -12.0709523809524
7.54428571428576 -15.7209523809524
-5.40571428571423 -11.0609523809524
16.9842857142858 -23.6609523809524
-10.2857142857143 -17.4909523809524
-26.0657142857143 -10.4509523809524
-37.0857142857142 -5.09095238095244
19.5642857142857 -15.8109523809524
-10.8557142857143 -8.10095238095244
-26.3457142857143 -0.110952380952426
-36.8857142857142 6.88904761904757
21.3342857142857 -4.13095238095241
-4.70571428571424 5.19904761904758
-18.3257142857142 11.8190476190476
-27.4857142857143 17.0290476190476
22.7542857142857 9.97904761904755
4.31428571428575 15.8990476190476
-3.03571428571428 19.6390476190476
-7.88571428571424 23.1490476190476
