26.6557142857142 81.5504761904762 0
-2.1242857142858 75.7104761904762 0
-36.2442857142858 43.8404761904762 0
-47.3842857142858 6.3204761904762 0
-25.1242857142858 -18.9895238095238 0
-25.4342857142858 -8.3095238095238 0
-34.0042857142858 -57.9295238095238 0
-37.0942857142858 -91.6595238095238 0
-37.5442857142858 -119.029523809524 0
1.8757142857142 -9.93952380952379 0
-10.4142857142858 -29.7495238095238 0
-11.6442857142858 11.0204761904762 0
-9.18428571428581 36.2704761904762 0
28.4857142857142 -4.58952380952377 0
17.4157142857142 -20.8895238095238 0
13.0357142857142 19.5704761904762 0
11.7557142857142 40.8404761904762 0
55.4457142857142 4.90047619047624 0
46.1557142857142 -8.77952380952377 0
38.9857142857142 17.9604761904762 0
36.3857142857142 31.8804761904762 0
