31.3238095238095 80.9619047619048 0
-2.56619047619046 55.0719047619048 0
-19.3361904761904 33.0719047619048 0
-31.7961904761905 16.7819047619048 0
-38.6161904761905 -4.30809523809521 0
17.2738095238095 -12.6480952380952 0
8.94380952380953 -46.9880952380952 0
3.66380952380956 -72.7180952380952 0
4.71380952380952 -92.6880952380952 0
29.6238095238095 -7.60809523809522 0
-8.40619047619043 -32.8280952380952 0
-24.4661904761904 -4.4380952380952 0
-17.9161904761905 11.4019047619048 0
36.3438095238096 1.09190476190477 0
-2.75619047619045 -19.1980952380952 0
-14.7661904761904 8.03190476190477 0
-4.71619047619043 22.5919047619048 0
39.0638095238095 12.3019047619048 0
3.14380952380952 -1.01809523809521 0
-8.30619047619047 19.1019047619048 0
-0.446190476190452 34.0319047619048 0
