40.2861904761905 64.7776190476191 0
-1.46380952380952 33.037619047619 0
-27.8238095238095 14.0276190476191 0
-51.5538095238095 5.09761904761905 0
-69.2538095238095 -1.54238095238097 0
24.3561904761905 -47.702380952381 0
-8.08380952380952 -97.522380952381 0
-26.2638095238095 -138.472380952381 0
-38.5538095238095 -173.832380952381 0
55.0961904761905 -30.762380952381 0
-27.8438095238095 -18.3423809523809 0
-43.1338095238095 21.1476190476191 0
-31.2738095238095 37.8276190476191 0
73.5261904761905 3.01761904761906 0
-7.4138095238095 27.977619047619 0
-11.4938095238095 46.0276190476191 0
9.35619047619048 49.2076190476191 0
83.9761904761905 39.187619047619 0
22.4561904761905 50.297619047619 0
11.1961904761905 58.1376190476191 0
23.9061904761905 58.4076190476191 0
