89.4657142857143 5.9233333333334 0
62.7157142857143 -17.0866666666666 0
20.1757142857143 -20.3466666666666 0
-11.8642857142856 -7.81666666666661 0
-33.6142857142856 4.31333333333339 0
4.91571428571433 -41.4066666666666 0
-36.5942857142857 -46.0166666666666 0
-63.9242857142856 -45.9366666666666 0
-85.4342857142856 -44.9366666666666 0
4.80571428571432 -24.6366666666666 0
-26.5242857142857 3.83333333333337 0
-11.8142857142856 12.0033333333334 0
1.71571428571434 6.18333333333339 0
9.67571428571432 -1.92666666666662 0
-14.2842857142857 24.4933333333334 0
0.745714285714371 28.6933333333334 0
11.6057142857143 21.8033333333334 0
18.3457142857143 21.9633333333334 0
8.89571428571435 41.7333333333334 0
21.8157142857144 43.1233333333334 0
29.1757142857143 36.0433333333334 0
