91.0728571428571 -10.9728571428572 0
59.282857142857 -36.8928571428572 0
9.11285714285708 -41.8628571428572 0
-24.657142857143 -33.1828571428572 0
-48.0471428571429 -22.8528571428572 0
17.2428571428571 -62.0128571428572 0
-40.767142857143 -34.6928571428572 0
-61.1271428571429 -21.7028571428572 0
-71.027142857143 -15.9928571428572 0
34.732857142857 -37.8728571428572 0
-31.2471428571429 2.0171428571428 0
-46.1071428571429 12.3671428571428 0
-46.227142857143 15.0271428571428 0
52.0128571428571 -6.72285714285721 0
-10.6371428571429 33.6671428571428 0
-14.897142857143 38.8171428571428 0
-6.42714285714294 37.1471428571428 0
68.602857142857 24.8171428571428 0
22.522857142857 53.7471428571428 0
18.7628571428571 55.1771428571428 0
27.8228571428571 51.9771428571428 0
