227.5 75.3636363636364 0
-20.5 33.3636363636364 0
20.5 32.3636363636364 0
31.5 12.3636363636364 0
61.5 1.36363636363637 0
0.5 -8.63636363636363 0
10.5 -39.6363636363636 0
30.5 -70.6363636363636 0
41.5 -92.6363636363636 0
-10.5 -8.63636363636363 0
-0.5 -19.6363636363636 0
-9.5 12.3636363636364 0
-10.5 33.3636363636364 0
-31.5 1.36363636363637 0
-31.5 -18.6363636363636 0
-31.5 12.3636363636364 0
-31.5 33.3636363636364 0
-61.5 2.36363636363637 0
-61.5 -8.63636363636363 0
-51.5 12.3636363636364 0
-51.5 23.3636363636364 0
-20.5 -18.6363636363636 0
