33.6818181818182 68.4090909090909 0
-7.31818181818181 48.4090909090909 0
41.6818181818182 23.4090909090909 0
22.6818181818182 8.40909090909093 0
51.6818181818182 -6.59090909090907 0
33.6818181818182 -14.5909090909091 0
46.6818181818182 -38.5909090909091 0
30.6818181818182 -32.5909090909091 0
42.6818181818182 -24.5909090909091 0
-12.3181818181818 -14.5909090909091 0
9.68181818181819 -29.5909090909091 0
-4.31818181818181 2.40909090909093 0
-8.31818181818181 15.4090909090909 0
-31.3181818181818 -12.5909090909091 0
-11.3181818181818 -20.5909090909091 0
-21.3181818181818 5.40909090909093 0
-25.3181818181818 21.4090909090909 0
-53.3181818181818 -5.59090909090907 0
-40.3181818181818 -5.59090909090907 0
-38.3181818181818 2.40909090909093 0
-42.3181818181818 14.4090909090909 0
-17.3181818181818 -4.59090909090907 0
