310.772727272727 43.5909090909091 0
-67.2272727272727 48.5909090909091 0
-30.2272727272727 37.5909090909091 0
-13.2272727272727 14.5909090909091 0
-17.2272727272727 8.59090909090907 0
-40.2272727272727 -29.4090909090909 0
19.7727272727273 -29.4090909090909 0
73.7727272727273 -33.4090909090909 0
107.772727272727 -15.4090909090909 0
-47.2272727272727 -43.4090909090909 0
27.7727272727273 -33.4090909090909 0
7.77272727272728 18.5909090909091 0
-18.2272727272727 21.5909090909091 0
-67.2272727272727 -27.4090909090909 0
0.77272727272728 -24.4090909090909 0
-16.2272727272727 30.5909090909091 0
-34.2272727272727 20.5909090909091 0
-84.2272727272727 -22.4090909090909 0
-39.2272727272727 -20.4090909090909 0
-25.2272727272727 -2.40909090909093 0
-41.2272727272727 18.5909090909091 0
-7.22727272727272 18.5909090909091 0
