310.181818181818 44.6363636363636 0
-70.8181818181818 38.6363636363636 0
-39.8181818181818 35.6363636363636 0
-19.8181818181818 6.63636363636363 0
-31.8181818181818 -4.36363636363637 0
-33.8181818181818 -26.3636363636364 0
27.1818181818182 -29.3636363636364 0
85.1818181818182 -30.3636363636364 0
113.181818181818 -12.3636363636364 0
-47.8181818181818 -36.3636363636364 0
27.1818181818182 -23.3636363636364 0
2.18181818181819 22.6363636363636 0
-5.81818181818181 30.6363636363636 0
-63.8181818181818 -21.3636363636364 0
5.18181818181819 -22.3636363636364 0
-15.8181818181818 22.6363636363636 0
-34.8181818181818 6.63636363636363 0
-84.8181818181818 -17.3636363636364 0
-30.8181818181818 -21.3636363636364 0
-28.8181818181818 6.63636363636363 0
-43.8181818181818 11.6363636363636 0
-17.8181818181818 18.6363636363636 0
