307.136363636364 38.6818181818182 0
-60.8636363636364 43.6818181818182 0
-28.8636363636364 38.6818181818182 0
-20.8636363636364 16.6818181818182 0
-28.8636363636364 -2.31818181818181 0
-35.8636363636364 -22.3181818181818 0
29.1363636363636 -21.3181818181818 0
72.1363636363636 -28.3181818181818 0
106.136363636364 -14.3181818181818 0
-37.8636363636364 -44.3181818181818 0
24.1363636363636 -26.3181818181818 0
2.13636363636363 17.6818181818182 0
-10.8636363636364 29.6818181818182 0
-70.8636363636364 -28.3181818181818 0
11.1363636363636 -14.3181818181818 0
-9.86363636363637 24.6818181818182 0
-30.8636363636364 11.6818181818182 0
-91.8636363636364 -18.3181818181818 0
-37.8636363636364 -33.3181818181818 0
-29.8636363636364 -4.31818181818181 0
-48.8636363636364 14.6818181818182 0
-7.86363636363637 21.6818181818182 0
