308.545454545455 49.3181818181818 0
-60.4545454545455 52.3181818181818 0
-35.4545454545455 39.3181818181818 0
-8.45454545454547 8.31818181818181 0
-29.4545454545455 -2.68181818181819 0
-41.4545454545455 -24.6818181818182 0
29.5454545454545 -34.6818181818182 0
80.5454545454545 -28.6818181818182 0
115.545454545455 -22.6818181818182 0
-51.4545454545455 -40.6818181818182 0
29.5454545454545 -20.6818181818182 0
0.545454545454533 20.3181818181818 0
-8.45454545454547 26.3181818181818 0
-68.4545454545455 -31.6818181818182 0
6.54545454545453 -16.6818181818182 0
-12.4545454545455 19.3181818181818 0
-37.4545454545455 12.3181818181818 0
-87.4545454545455 -20.6818181818182 0
-31.4545454545455 -27.6818181818182 0
-28.4545454545455 10.3181818181818 0
-51.4545454545455 16.3181818181818 0
-18.4545454545455 17.3181818181818 0
