305 44.5909090909091 0
-66 44.5909090909091 0
-36 33.5909090909091 0
-14 13.5909090909091 0
-25 2.59090909090909 0
-35 -28.4090909090909 0
27 -28.4090909090909 0
79 -28.4090909090909 0
110 -17.4090909090909 0
-46 -38.4090909090909 0
26 -28.4090909090909 0
6 23.5909090909091 0
-14 23.5909090909091 0
-66 -28.4090909090909 0
6 -18.4090909090909 0
-14 23.5909090909091 0
-35 13.5909090909091 0
-87 -17.4090909090909 0
-35 -28.4090909090909 0
-25 2.59090909090909 0
-46 12.5909090909091 0
-15 23.5909090909091 0
