311.863636363636 38.2727272727273 0
-68.1363636363636 42.2727272727273 0
-30.1363636363636 35.2727272727273 0
-17.1363636363636 18.2727272727273 0
-30.1363636363636 -2.72727272727275 0
-36.1363636363636 -23.7272727272727 0
30.8636363636364 -31.7272727272727 0
83.8636363636364 -26.7272727272727 0
109.863636363636 -24.7272727272727 0
-48.1363636363636 -31.7272727272727 0
29.8636363636364 -22.7272727272727 0
5.86363636363637 21.2727272727273 0
-15.1363636363636 29.2727272727273 0
-64.1363636363636 -20.7272727272727 0
9.86363636363637 -24.7272727272727 0
-15.1363636363636 30.2727272727273 0
-31.1363636363636 13.2727272727273 0
-93.1363636363636 -22.7272727272727 0
-31.1363636363636 -28.7272727272727 0
-29.1363636363636 -3.72727272727275 0
-50.1363636363636 17.2727272727273 0
-23.1363636363636 19.2727272727273 0
