305.772727272727 36.5454545454546 0
-71.2272727272727 49.5454545454546 0
-33.2272727272727 40.5454545454546 0
-17.2272727272727 12.5454545454546 0
-22.2272727272727 5.54545454545456 0
-31.2272727272727 -26.4545454545454 0
22.7727272727273 -28.4545454545454 0
82.7727272727273 -35.4545454545454 0
116.772727272727 -15.4545454545454 0
-40.2272727272727 -31.4545454545454 0
28.7727272727273 -35.4545454545454 0
3.77272727272728 20.5454545454546 0
-20.2272727272727 24.5454545454546 0
-67.2272727272727 -30.4545454545454 0
1.77272727272728 -16.4545454545454 0
-12.2272727272727 27.5454545454546 0
-38.2272727272727 7.54545454545456 0
-90.2272727272727 -16.4545454545454 0
-34.2272727272727 -27.4545454545454 0
-27.2272727272727 6.54545454545456 0
-48.2272727272727 12.5454545454546 0
-9.22727272727272 19.5454545454546 0
