-39.6818181818182 85.5 0
1.31818181818181 64.5 0
32.3181818181818 43.5 0
42.3181818181818 -18.5 0
63.3181818181818 -39.5 0
32.3181818181818 -8.5 0
52.3181818181818 -50.5 0
53.3181818181818 -50.5 0
73.3181818181818 -29.5 0
1.31818181818181 -29.5 0
12.3181818181818 -50.5 0
12.3181818181818 12.5 0
11.3181818181818 43.5 0
-29.6818181818182 -19.5 0
-18.6818181818182 -39.5 0
-18.6818181818182 12.5 0
-29.6818181818182 53.5 0
-70.6818181818182 -18.5 0
-60.6818181818182 -19.5 0
-49.6818181818182 12.5 0
-50.6818181818182 33.5 0
-19.6818181818182 12.5 0
