311.5 42.7727272727273
-62.5 40.7727272727273
-38.5 29.7727272727273
-17.5 19.7727272727273
-19.5 -2.22727272727275
-39.5 -28.2272727272727
23.5 -34.2272727272727
83.5 -27.2272727272727
110.5 -19.2272727272727
-53.5 -30.2272727272727
19.5 -31.2272727272727
9.5 31.7727272727273
-19.5 19.7727272727273
-72.5 -27.2272727272727
12.5 -24.2272727272727
-11.5 27.7727272727273
-35.5 13.7727272727273
-81.5 -21.2272727272727
-36.5 -25.2272727272727
-20.5 6.77272727272725
-41.5 14.7727272727273
-20.5 22.7727272727273
