18.6604761904763 324.352380952381
-69.4895238095238 272.612380952381
-113.439523809524 173.052380952381
-119.059523809524 80.8623809523809
-123.539523809524 0.762380952380909
-59.6895238095237 64.0823809523809
-63.5795238095237 -46.3176190476191
-56.2395238095238 -113.827619047619
-44.2895238095238 -171.787619047619
-4.30952380952374 57.4423809523809
-2.44952380952373 -61.0976190476191
5.54047619047628 -133.997619047619
14.5404761904763 -193.477619047619
46.3004761904763 71.7323809523809
49.7904761904763 -38.2776190476191
55.2404761904762 -104.517619047619
60.1904761904763 -160.337619047619
97.6304761904762 102.402380952381
102.210476190476 13.0923809523809
103.880476190476 -43.3576190476191
102.100476190476 -93.3976190476191
