30.3447619047619 96.4723809523809
-2.35523809523812 88.372380952381
-23.5152380952381 60.462380952381
-36.2152380952381 36.022380952381
-56.4252380952381 20.422380952381
-13.6952380952382 21.962380952381
-21.9152380952381 -12.807619047619
-25.4152380952381 -34.947619047619
-28.0452380952381 -52.877619047619
5.82476190476189 17.852380952381
-2.77523809523814 -21.397619047619
-7.87523809523816 -46.497619047619
-12.5852380952381 -65.177619047619
22.9247619047619 20.132380952381
16.6347619047619 -15.097619047619
11.4847619047619 -36.207619047619
6.72476190476186 -53.387619047619
41.6647619047619 25.0923809523809
36.9247619047619 -1.27761904761905
31.8147619047618 -16.277619047619
26.4747619047619 -30.837619047619
