33.2766666666667 132.770952380952
-13.9033333333333 117.770952380952
-47.0533333333333 80.3809523809524
-63.9233333333333 47.5609523809524
-84.5033333333333 27.0609523809524
-27.6233333333333 28.1209523809524
-34.5333333333333 -16.3090476190476
-34.9633333333333 -43.6690476190476
-33.5733333333333 -66.6790476190476
-0.033333333333303 20.9909523809524
-3.86333333333329 -27.7790476190476
-3.43333333333328 -58.4590476190476
-2.59333333333331 -83.5090476190476
26.7166666666667 23.9709523809524
24.0366666666667 -22.2590476190476
22.5766666666667 -50.3790476190476
20.9866666666667 -74.3490476190476
54.4466666666667 34.6609523809524
56.2066666666667 -1.37904761904758
56.3466666666667 -24.0390476190476
55.4066666666667 -44.4790476190476
