38.0214285714285 172.87619047619
-22.2585714285714 164.83619047619
-66.3485714285715 121.98619047619
-100.968571428571 86.3661904761905
-139.388571428571 69.5661904761905
-27.6485714285715 35.9061904761904
-32.0285714285715 -22.7138095238095
-33.1385714285714 -59.7538095238095
-32.7785714285715 -91.9638095238095
6.05142857142857 26.9061904761904
1.78142857142853 -39.6238095238095
-1.76857142857148 -83.1638095238096
-4.65857142857146 -119.85380952381
38.9514285714286 30.6161904761905
35.7014285714286 -33.4638095238095
31.8114285714286 -75.0338095238095
28.0214285714285 -111.21380952381
71.0114285714286 44.6661904761905
71.9014285714285 -5.44380952380953
70.1514285714285 -39.9438095238095
67.5814285714285 -71.5538095238095
