-5.18181818181819 116.272727272727
15.8181818181818 94.2727272727273
36.8181818181818 43.2727272727273
15.8181818181818 11.2727272727273
-15.1818181818182 1.27272727272725
36.8181818181818 -9.72727272727275
46.8181818181818 -51.7272727272727
56.8181818181818 -72.7272727272727
57.8181818181818 -92.7272727272727
5.81818181818181 1.27272727272725
-5.18181818181819 -71.7272727272727
-4.18181818181819 -82.7272727272727
5.81818181818181 -92.7272727272727
-15.1818181818182 11.2727272727273
-25.1818181818182 -19.7272727272727
-15.1818181818182 11.2727272727273
-4.18181818181819 32.2727272727273
-46.1818181818182 42.2727272727273
-46.1818181818182 11.2727272727273
-35.1818181818182 32.2727272727273
-25.1818181818182 53.2727272727273
