-13.9545454545454 224.409090909091
48.0454545454546 161.409090909091
64.0454545454546 68.4090909090909
48.0454545454546 21.4090909090909
1.04545454545456 -9.59090909090907
63.0454545454546 5.40909090909093
64.0454545454546 -72.5909090909091
79.0454545454546 -119.590909090909
79.0454545454546 -166.590909090909
1.04545454545456 21.4090909090909
2.04545454545456 -87.5909090909091
1.04545454545456 -119.590909090909
17.0454545454546 -166.590909090909
-44.9545454545454 37.4090909090909
-44.9545454545454 -25.5909090909091
-13.9545454545454 6.40909090909093
1.04545454545456 52.4090909090909
-91.9545454545454 52.4090909090909
-91.9545454545454 5.40909090909093
-60.9545454545454 21.4090909090909
-44.9545454545454 68.4090909090909
