-31.2272727272727 98.9090909090909
-0.22727272727272 78.9090909090909
19.7727272727273 57.9090909090909
39.7727272727273 25.9090909090909
40.7727272727273 -5.09090909090909
19.7727272727273 4.90909090909091
40.7727272727273 -36.0909090909091
50.7727272727273 -58.0909090909091
60.7727272727273 -89.0909090909091
-1.22727272727272 15.9090909090909
-1.22727272727272 -47.0909090909091
-0.22727272727272 -78.0909090909091
8.77272727272728 -109.090909090909
-32.2272727272727 25.9090909090909
-32.2272727272727 -26.0909090909091
-11.2272727272727 4.90909090909091
-1.22727272727272 25.9090909090909
-52.2272727272727 36.9090909090909
-42.2272727272727 15.9090909090909
-32.2272727272727 25.9090909090909
-21.2272727272727 46.9090909090909
