-14.0909090909091 117.090909090909
15.9090909090909 76.0909090909091
36.9090909090909 44.0909090909091
25.9090909090909 12.0909090909091
4.90909090909093 -18.9090909090909
5.90909090909093 2.09090909090909
25.9090909090909 -39.9090909090909
25.9090909090909 -70.9090909090909
36.9090909090909 -101.909090909091
-15.0909090909091 13.0909090909091
-25.0909090909091 -49.9090909090909
-15.0909090909091 -80.9090909090909
5.90909090909093 -111.909090909091
-35.0909090909091 13.0909090909091
-5.09090909090907 -8.90909090909091
5.90909090909093 3.09090909090909
5.90909090909093 44.0909090909091
-56.0909090909091 24.0909090909091
-25.0909090909091 13.0909090909091
-5.09090909090907 33.0909090909091
4.90909090909093 55.0909090909091
