-68.0454545454546 107.772727272727
66.9545454545454 -7.22727272727275
107.954545454545 -49.2272727272727
96.9545454545454 -49.2272727272727
76.9545454545454 -29.2272727272727
-26.0454545454546 23.7727272727273
24.9545454545454 -59.2272727272727
25.9545454545454 -49.2272727272727
35.9545454545454 -60.2272727272727
-36.0454545454546 33.7727272727273
3.95454545454544 -39.2272727272727
24.9545454545454 -39.2272727272727
45.9545454545454 -49.2272727272727
-57.0454545454546 44.7727272727273
-57.0454545454546 23.7727272727273
-36.0454545454546 2.77272727272725
-16.0454545454546 13.7727272727273
-68.0454545454546 54.7727272727273
-57.0454545454546 23.7727272727273
-37.0454545454546 44.7727272727273
-16.0454545454546 54.7727272727273
