-3.77272727272725 -34.8636363636364
-13.7727272727273 -65.8636363636364
-55.7727272727273 -24.8636363636364
-23.7727272727273 27.1363636363636
6.22727272727275 -65.8636363636364
-13.7727272727273 -76.8636363636364
-13.7727272727273 -75.8636363636364
-13.7727272727273 28.1363636363636
37.2272727272727 39.1363636363636
16.2272727272727 -13.8636363636364
27.2272727272727 -2.86363636363637
16.2272727272727 -2.86363636363637
38.2272727272727 38.1363636363636
-34.7727272727273 -2.86363636363637
68.2272727272727 -3.86363636363637
47.2272727272727 -23.8636363636364
7.22727272727275 80.1363636363636
-55.7727272727273 -24.8636363636364
-45.7727272727273 -23.8636363636364
-3.77272727272725 70.1363636363636
7.22727272727275 80.1363636363636
