-28.7727272727273 100.727272727273
2.22727272727272 80.7272727272727
13.2272727272727 69.7272727272727
12.2272727272727 38.7272727272727
2.22727272727272 17.7272727272727
33.2272727272727 17.7272727272727
54.2272727272727 -24.2727272727273
54.2272727272727 -45.2727272727273
64.2272727272727 -76.2727272727273
12.2272727272727 17.7272727272727
12.2272727272727 -35.2727272727273
13.2272727272727 -66.2727272727273
13.2272727272727 -97.2727272727273
-18.7727272727273 17.7272727272727
-18.7727272727273 -34.2727272727273
-17.7727272727273 -14.2727272727273
-8.77272727272728 7.72727272727272
-48.7727272727273 27.7272727272727
-48.7727272727273 -3.27272727272728
-38.7727272727273 6.72727272727272
-38.7727272727273 17.7272727272727
