121.243809523809 118.162857142857
38.0638095238095 91.0028571428572
-22.1561904761905 40.7928571428572
-67.9361904761905 10.4028571428572
-116.736190476191 -6.97714285714278
15.8138095238095 -58.5671428571428
-52.4361904761905 -65.3571428571428
-94.8161904761905 -46.5771428571428
-129.126190476191 -25.3071428571428
39.5138095238094 -70.1771428571428
-38.9561904761905 -33.3071428571428
-13.3661904761906 16.2428571428572
14.6538095238094 21.7428571428572
63.9438095238095 -63.8171428571428
-13.0061904761906 -12.4571428571428
15.2938095238095 30.8328571428572
40.7938095238095 29.3828571428572
83.1638095238095 -42.9171428571428
21.2038095238095 2.25285714285718
37.3438095238095 33.5828571428572
57.5038095238094 31.0628571428572
