55.4880952380952 87.9085714285715
9.54809523809524 54.2385714285714
-19.5419047619048 23.9985714285714
-45.6719047619048 7.17857142857144
-80.1519047619048 -8.92142857142858
35.1380952380952 -28.0914285714286
-18.0119047619048 -40.5414285714286
-48.8619047619048 -36.9414285714286
-72.3819047619048 -35.8914285714285
48.2080952380952 -23.5614285714286
-14.1119047619048 -43.9514285714286
-15.1019047619048 -4.81142857142856
1.94809523809522 3.02857142857147
55.7880952380952 -13.9114285714285
-8.2819047619048 -24.4114285714285
-4.66190476190479 12.6685714285715
16.3480952380952 16.5185714285714
57.3580952380952 -1.20142857142855
8.92809523809524 0.158571428571463
10.1180952380952 25.4685714285715
27.9080952380952 31.0685714285714
