49.2304761904762 58.1723809523809
16.8804761904762 48.3423809523809
-17.1595238095238 28.0123809523809
-41.0195238095238 13.5523809523809
-67.6095238095238 8.45238095238091
-8.41952380952381 -23.1376190476191
-31.7395238095238 -44.1476190476191
-49.6895238095238 -58.5776190476191
-67.1195238095238 -71.3176190476191
15.4404761904762 -35.6276190476191
-15.3995238095238 -20.3976190476191
-12.2395238095238 17.8623809523809
-5.96952380952382 43.9923809523809
39.9404761904762 -34.3776190476191
9.40047619047618 -18.4176190476191
15.0304761904762 13.8823809523809
23.9804761904762 37.4023809523809
63.8104761904762 -25.0276190476191
36.8004761904762 -5.39761904761912
25.4804761904762 22.7323809523809
20.3704761904762 44.0223809523809
