248.590909090909 62.8636363636364
11.5909090909091 41.8636363636364
32.5909090909091 51.8636363636364
22.5909090909091 20.8636363636364
1.59090909090909 -0.136363636363626
21.5909090909091 -0.136363636363626
21.5909090909091 -41.1363636363636
11.5909090909091 -63.1363636363636
11.5909090909091 -104.136363636364
12.5909090909091 10.8636363636364
1.59090909090909 -10.1363636363636
-29.4090909090909 -20.1363636363636
-39.4090909090909 -31.1363636363636
-9.40909090909091 10.8636363636364
-19.4090909090909 -0.136363636363626
-29.4090909090909 -11.1363636363636
-29.4090909090909 9.86363636363637
-50.4090909090909 20.8636363636364
-60.4090909090909 9.86363636363637
-50.4090909090909 10.8636363636364
-50.4090909090909 30.8636363636364
