-38.7727272727273 163.136363636364
24.2272727272727 131.136363636364
55.2272727272727 69.1363636363636
40.2272727272727 6.13636363636363
-6.77272727272725 -9.86363636363637
39.2272727272727 -8.86363636363637
40.2272727272727 -71.8636363636364
40.2272727272727 -133.863636363636
39.2272727272727 -181.863636363636
-22.7727272727273 -8.86363636363637
8.22727272727275 -87.8636363636364
39.2272727272727 -149.863636363636
39.2272727272727 -196.863636363636
-53.7727272727273 7.13636363636363
-22.7727272727273 -9.86363636363637
-6.77272727272725 69.1363636363636
24.2272727272727 100.136363636364
-85.7727272727273 22.1363636363636
-53.7727272727273 37.1363636363636
-37.7727272727273 69.1363636363636
-22.7727272727273 116.136363636364
