-39.8181818181818 52.5909090909091
-18.8181818181818 72.5909090909091
22.1818181818182 61.5909090909091
74.1818181818182 51.5909090909091
53.1818181818182 31.5909090909091
22.1818181818182 20.5909090909091
43.1818181818182 -21.4090909090909
53.1818181818182 -42.4090909090909
63.1818181818182 -73.4090909090909
1.18181818181819 9.59090909090907
22.1818181818182 -42.4090909090909
42.1818181818182 -73.4090909090909
53.1818181818182 -104.409090909091
-28.8181818181818 -0.409090909090935
-29.8181818181818 -21.4090909090909
-29.8181818181818 9.59090909090907
-39.8181818181818 30.5909090909091
-50.8181818181818 -0.409090909090935
-60.8181818181818 -0.409090909090935
-60.8181818181818 9.59090909090907
-60.8181818181818 30.5909090909091
