-68.1818181818182 107.590909090909
-16.1818181818182 87.5909090909091
14.8181818181818 55.5909090909091
25.8181818181818 24.5909090909091
14.8181818181818 3.59090909090907
3.81818181818181 3.59090909090907
24.8181818181818 -38.4090909090909
34.8181818181818 -70.4090909090909
45.8181818181818 -101.409090909091
-16.1818181818182 13.5909090909091
-5.18181818181819 -38.4090909090909
24.8181818181818 -80.4090909090909
44.8181818181818 -101.409090909091
-37.1818181818182 3.59090909090907
-6.18181818181819 -17.4090909090909
3.81818181818181 13.5909090909091
3.81818181818181 44.5909090909091
-48.1818181818182 13.5909090909091
-16.1818181818182 -6.40909090909093
-6.18181818181819 23.5909090909091
-16.1818181818182 45.5909090909091
