270.409090909091 -44.5909090909091
73.4090909090909 -117.590909090909
176.409090909091 -107.590909090909
-29.5909090909091 28.4090909090909
-8.59090909090907 28.4090909090909
-19.5909090909091 39.4090909090909
-19.5909090909091 -2.59090909090907
-19.5909090909091 -34.5909090909091
-19.5909090909091 -75.5909090909091
-39.5909090909091 49.4090909090909
-9.59090909090907 7.40909090909093
-19.5909090909091 -54.5909090909091
-18.5909090909091 -86.5909090909091
-60.5909090909091 49.4090909090909
-8.59090909090907 -2.59090909090907
-9.59090909090907 -33.5909090909091
-18.5909090909091 -65.5909090909091
-80.5909090909091 60.4090909090909
-49.5909090909091 69.4090909090909
-29.5909090909091 90.4090909090909
-29.5909090909091 112.409090909091
