-20.9090909090909 89.3181818181818
-0.909090909090907 79.3181818181818
9.09090909090909 58.3181818181818
-0.909090909090907 27.3181818181818
-20.9090909090909 -4.68181818181819
20.0909090909091 16.3181818181818
20.0909090909091 -24.6818181818182
20.0909090909091 -45.6818181818182
20.0909090909091 -76.6818181818182
20.0909090909091 16.3181818181818
10.0909090909091 -24.6818181818182
20.0909090909091 -55.6818181818182
20.0909090909091 -77.6818181818182
10.0909090909091 26.3181818181818
-20.9090909090909 -4.68181818181819
-30.9090909090909 16.3181818181818
20.0909090909091 -66.6818181818182
-0.909090909090907 37.3181818181818
-30.9090909090909 6.31818181818181
-30.9090909090909 16.3181818181818
-0.909090909090907 -14.6818181818182
