-5.22727272727272 96.1363636363636
14.7727272727273 86.1363636363636
25.7727272727273 55.1363636363636
24.7727272727273 23.1363636363636
-5.22727272727272 -17.8636363636364
25.7727272727273 12.1363636363636
24.7727272727273 -38.8636363636364
24.7727272727273 -70.8636363636364
24.7727272727273 -101.863636363636
4.77272727272728 13.1363636363636
14.7727272727273 -28.8636363636364
15.7727272727273 -70.8636363636364
24.7727272727273 -101.863636363636
-15.2272727272727 23.1363636363636
-15.2272727272727 -8.86363636363637
-6.22727272727272 13.1363636363636
-5.22727272727272 44.1363636363636
-37.2272727272727 33.1363636363636
-37.2272727272727 2.13636363636363
-36.2272727272727 13.1363636363636
-36.2272727272727 23.1363636363636
