-83.5909090909091 104.454545454545
92.4090909090909 0.454545454545439
122.409090909091 -93.5454545454546
123.409090909091 -51.5454545454546
122.409090909091 -30.5454545454546
50.4090909090909 -20.5454545454546
50.4090909090909 -31.5454545454546
60.4090909090909 -41.5454545454546
81.4090909090909 -51.5454545454546
-31.5909090909091 21.4545454545454
-21.5909090909091 -40.5454545454546
-21.5909090909091 -51.5454545454546
-21.5909090909091 -61.5454545454546
-62.5909090909091 31.4545454545454
-52.5909090909091 11.4545454545454
-62.5909090909091 10.4545454545454
-31.5909090909091 73.4545454545454
-93.5909090909091 52.4545454545454
-83.5909090909091 52.4545454545454
-62.5909090909091 83.4545454545454
-52.5909090909091 84.4545454545454
