-17.6363636363636 57.7272727272727
13.3636363636364 57.7272727272727
44.3636363636364 47.7272727272727
43.3636363636364 27.7272727272727
13.3636363636364 16.7272727272727
23.3636363636364 -15.2727272727273
43.3636363636364 -77.2727272727273
44.3636363636364 -77.2727272727273
34.3636363636364 -98.2727272727273
-17.6363636363636 -4.27272727272725
-7.63636363636363 -56.2727272727273
12.3636363636364 -87.2727272727273
23.3636363636364 -98.2727272727273
-38.6363636363636 16.7272727272727
-27.6363636363636 -4.27272727272725
2.36363636363637 37.7272727272727
13.3636363636364 78.7272727272727
-68.6363636363636 37.7272727272727
-59.6363636363636 37.7272727272727
-28.6363636363636 57.7272727272727
-7.63636363636363 58.7272727272727
