-19.3181818181818 98.4545454545454
11.6818181818182 99.4545454545454
42.6818181818182 78.4545454545454
32.6818181818182 57.4545454545454
11.6818181818182 26.4545454545454
32.6818181818182 5.45454545454544
42.6818181818182 -46.5454545454546
52.6818181818182 -78.5454545454546
52.6818181818182 -120.545454545455
1.68181818181819 5.45454545454544
11.6818181818182 -57.5454545454546
21.6818181818182 -109.545454545455
22.6818181818182 -151.545454545455
-19.3181818181818 5.45454545454544
-19.3181818181818 -15.5454545454546
-19.3181818181818 26.4545454545454
-19.3181818181818 36.4545454545454
-60.3181818181818 26.4545454545454
-60.3181818181818 25.4545454545454
-50.3181818181818 46.4545454545454
-50.3181818181818 57.4545454545454
