140.090909090909 -49.6363636363636
-55.9090909090909 54.3636363636364
-55.9090909090909 55.3636363636364
-24.9090909090909 75.3636363636364
-34.9090909090909 75.3636363636364
27.0909090909091 44.3636363636364
16.0909090909091 34.3636363636364
6.09090909090909 33.3636363636364
-3.90909090909091 34.3636363636364
37.0909090909091 13.3636363636364
-3.90909090909091 3.36363636363637
-24.9090909090909 -7.63636363636363
-34.9090909090909 -38.6363636363636
37.0909090909091 -7.63636363636363
-3.90909090909091 -17.6363636363636
-14.9090909090909 -28.6363636363636
-35.9090909090909 -48.6363636363636
37.0909090909091 -38.6363636363636
6.09090909090909 -38.6363636363636
-3.90909090909091 -49.6363636363636
-3.90909090909091 -59.6363636363636
