89.0209523809525 88.17
59.4109523809524 24.14
33.7909523809524 -34.53
23.0909523809524 -74.85
25.8709523809524 -109.62
75.9309523809524 -55.22
-5.33904761904756 -56.9
-57.0290476190476 -45.49
-98.0190476190476 -32.09
93.2909523809524 -18.34
0.450952380952401 -18.42
-61.1690476190476 -9.42000000000002
-107.369047619048 0.70999999999998
94.3909523809525 22.48
2.9509523809524 25.12
-56.2190476190476 27.66
-97.9490476190476 33.56
82.1809523809524 61.97
8.74095238095242 59.42
-36.6790476190476 56.5
-69.3490476190476 55.15
