67.4671428571427 123.092857142857
16.2871428571428 83.6228571428571
-22.8028571428572 26.9728571428571
-54.3128571428572 -7.61714285714288
-94.8528571428573 -31.3571428571429
39.8271428571427 -53.5171428571429
-28.2928571428573 -65.3971428571429
-71.5728571428572 -57.1771428571429
-104.702857142857 -48.0171428571429
65.6671428571428 -53.2671428571429
-24.8728571428572 -51.7071428571429
-34.9728571428573 8.55285714285714
-25.4328571428572 42.4828571428571
86.9071428571428 -38.9271428571429
-7.59285714285721 -30.1771428571429
-7.50285714285724 28.4328571428571
9.32714285714275 57.0228571428571
101.107142857143 -12.9871428571429
25.4371428571428 -4.07714285714286
23.4871428571428 33.1928571428571
41.3971428571427 50.8528571428571
