3.51238095238097 144.317142857143
-33.907619047619 111.087142857143
-50.457619047619 53.9371428571429
-26.617619047619 8.55714285714294
9.05238095238099 -13.1528571428571
-27.787619047619 -1.08285714285705
-28.747619047619 -62.1328571428571
-25.707619047619 -100.462857142857
-20.747619047619 -134.292857142857
5.77238095238096 2.84714285714296
3.30238095238099 -64.8028571428571
-2.59761904761899 -103.922857142857
-6.49761904761903 -137.132857142857
39.192380952381 19.847142857143
28.532380952381 -13.8828571428571
1.84238095238101 25.3071428571429
-15.017619047619 57.0671428571429
68.252380952381 45.9471428571429
48.552380952381 25.5871428571429
22.852380952381 55.2371428571429
7.222380952381 81.1271428571429
