67.9933333333333 81.8538095238096
36.1733333333333 21.9038095238096
19.4833333333333 -36.9561904761904
21.0533333333333 -76.8661904761905
32.9133333333334 -118.26619047619
53.1133333333333 -52.0961904761905
-27.8866666666667 -60.4761904761905
-78.1966666666667 -56.8361904761905
-118.216666666667 -52.7361904761904
70.2333333333333 -18.6861904761905
-29.9266666666666 -18.7761904761904
-89.5666666666667 -19.9861904761905
-134.276666666667 -20.1661904761905
73.6533333333334 26.6238095238095
-16.7866666666666 36.7338095238096
-4.48666666666662 44.7638095238095
20.5833333333334 41.1238095238095
68.5333333333334 66.5938095238096
-5.60666666666663 71.8838095238095
7.77333333333337 73.6638095238096
33.4433333333334 66.7038095238095
