20.67 55.8619047619048 0
-7.36000000000001 55.8719047619048 0
-36.35 36.0319047619048 0
-60.2 17.4219047619048 0
-85.11 8.49190476190483 0
-24.3200000000001 -11.5680952380952 0
-34.9300000000001 -47.6080952380952 0
-40.53 -71.7480952380952 0
-45.0600000000001 -92.8180952380952 0
-0.360000000000014 -13.2880952380952 0
5.85999999999996 -26.3280952380952 0
9.08999999999997 7.49190476190483 0
6.92999999999995 26.2219047619048 0
23.91 -8.63809523809522 0
32.02 -18.5480952380952 0
29.5999999999999 14.2619047619048 0
21.8 32.1019047619048 0
45.77 -0.1580952380952 0
51.53 -9.06809523809517 0
47.5799999999999 15.1719047619048 0
39.4599999999999 30.8419047619048 0
