34.5538095238095 81.3828571428571
1.83380952380952 72.5328571428572
-44.2361904761905 44.0128571428571
-80.6561904761905 31.6728571428571
-110.626190476191 32.5528571428571
-13.8961904761905 -22.9371428571429
-24.1461904761905 -68.1571428571428
-33.6661904761905 -99.5571428571429
-35.8161904761905 -127.027142857143
16.1538095238095 -27.7271428571429
-11.3261904761905 -32.6871428571429
-10.0161904761905 15.0428571428571
3.32380952380953 21.4528571428571
45.4638095238095 -20.5371428571429
18.5038095238095 -15.6771428571429
16.1438095238095 25.1428571428571
27.4938095238095 26.5028571428571
70.1538095238095 -5.82714285714286
43.3138095238095 4.52285714285711
38.4538095238095 32.6128571428571
48.9938095238095 32.7028571428571
