55.6004761904763 81.7747619047619
12.6904761904763 67.1747619047619
-24.1595238095236 40.4847619047619
-57.0095238095237 29.9347619047619
-89.1895238095237 27.6747619047619
7.74047619047633 -26.5452380952381
-15.5895238095237 -64.8252380952381
-32.8495238095236 -91.5252380952381
-46.8995238095237 -113.545238095238
30.6204761904763 -30.5952380952381
-21.6395238095237 -34.0752380952381
-18.3595238095237 5.9947619047619
-2.06952380952367 22.2447619047619
49.7504761904763 -24.5352380952381
-4.89952380952366 -12.6952380952381
1.85047619047634 23.6947619047619
19.1404761904763 34.1347619047619
64.3604761904763 -10.4952380952381
17.2004761904763 4.83476190476188
19.3904761904763 31.4647619047619
34.3204761904763 39.4247619047619
