35.2838095238095 80.7738095238095 0
1.61380952380949 73.7738095238095 0
-34.0861904761905 42.4138095238095 0
-66.6961904761905 26.9238095238095 0
-96.9161904761905 18.5438095238095 0
-7.77619047619049 -1.41619047619051 0
-14.2861904761905 -56.4661904761905 0
-17.0361904761905 -91.9661904761905 0
-18.4761904761905 -122.046190476191 0
12.8038095238095 -4.15619047619049 0
-19.6961904761905 -30.6361904761905 0
-18.3361904761905 8.81380952380951 0
-4.9561904761905 35.4838095238095 0
37.1138095238095 -3.40619047619049 0
6.08380952380946 -20.7161904761905 0
10.4438095238095 18.8638095238095 0
23.0738095238095 44.2138095238095 0
65.8238095238095 -0.576190476190504 0
44.5838095238095 -26.5261904761905 0
32.3438095238095 -5.60619047619051 0
29.0938095238095 13.7138095238095 0
