47.9161904761905 49.3371428571429 0
15.1161904761906 54.7471428571428 0
-25.8738095238094 46.1771428571428 0
-58.0738095238095 47.9271428571428 0
-84.5838095238095 57.0671428571429 0
-22.2338095238094 -13.5028571428572 0
-38.1338095238094 -52.6728571428572 0
-47.9538095238095 -80.1228571428572 0
-56.2938095238094 -102.232857142857 0
0.81619047619057 -28.6328571428572 0
-14.1038095238094 -26.6428571428572 0
-4.80380952380943 6.07714285714286 0
4.16619047619054 29.8971428571429 0
26.8261904761906 -33.0028571428572 0
15.8761904761906 -19.8028571428571 0
25.0061904761906 11.0571428571428 0
32.2661904761906 33.8071428571428 0
52.7861904761905 -30.1528571428572 0
43.5061904761906 -10.2128571428572 0
43.6661904761905 19.7971428571428 0
44.1061904761905 41.0871428571429 0
