45.6590476190476 76.4619047619047 0
2.77904761904762 62.0319047619047 0
-40.4709523809524 40.3719047619047 0
-77.6509523809524 35.2019047619048 0
-110.590952380952 37.6019047619047 0
-14.7109523809524 -33.2380952380952 0
-27.9109523809524 -82.7680952380953 0
-35.0209523809524 -113.598095238095 0
-43.2009523809524 -138.478095238095 0
20.5090476190476 -42.2980952380952 0
-14.6909523809524 -34.7580952380953 0
-25.6609523809524 13.1619047619047 0
-24.5409523809524 36.1119047619047 0
52.9090476190476 -32.1380952380953 0
19.0090476190476 3.54190476190473 0
16.9490476190476 40.5419047619047 0
26.1490476190476 47.6219047619047 0
82.6490476190476 -12.1380952380953 0
52.7790476190476 15.1119047619047 0
44.5690476190476 40.1019047619047 0
50.4890476190476 41.5519047619047 0
