47.7242857142857 70.71 0
3.76428571428573 79.97 0
-45.1357142857142 76.9 0
-88.1357142857142 84.4 0
-130.495714285714 94.79 0
-46.0057142857142 -17.2 0
-53.8457142857143 -76.31 0
-63.2457142857143 -117.19 0
-70.1957142857142 -157.25 0
-2.42571428571426 -33.2500000000001 0
-5.80571428571426 -61.85 0
1.51428571428573 -1.66000000000003 0
6.21428571428572 34.54 0
41.3642857142858 -32.93 0
42.5042857142857 -37.85 0
40.8142857142857 21.02 0
33.7542857142857 50.21 0
78.6542857142857 -22.52 0
77.0442857142857 -20.77 0
71.1442857142857 21.65 0
60.7942857142857 44.59 0
