42.2976190476189 67.2823809523809 0
5.11761904761897 70.4123809523809 0
-34.142380952381 60.3823809523809 0
-67.402380952381 59.7223809523809 0
-95.362380952381 67.702380952381 0
-30.482380952381 -8.53761904761905 0
-47.582380952381 -48.5476190476191 0
-57.682380952381 -75.1476190476191 0
-65.182380952381 -98.3976190476191 0
-2.47238095238106 -17.9076190476191 0
-3.57238095238108 -36.5776190476191 0
5.44761904761901 -1.89761904761906 0
5.61761904761897 7.59238095238095 0
27.457619047619 -19.1676190476191 0
30.557619047619 -27.2676190476191 0
34.1576190476189 5.73238095238094 0
29.587619047619 13.0323809523809 0
55.5476190476189 -14.1576190476191 0
59.5476190476189 -21.847619047619 0
57.687619047619 4.07238095238094 0
50.857619047619 13.5223809523809 0
