237.681818181818 73.9545454545454 0
31.6818181818182 73.9545454545454 0
31.6818181818182 63.9545454545454 0
0.681818181818187 42.9545454545454 0
-20.3181818181818 21.9545454545454 0
21.6818181818182 21.9545454545454 0
31.6818181818182 -20.0454545454546 0
31.6818181818182 -51.0454545454546 0
21.6818181818182 -83.0454545454546 0
1.68181818181819 21.9545454545454 0
-9.31818181818181 -30.0454545454546 0
-9.31818181818181 -62.0454545454546 0
-19.3181818181818 -93.0454545454546 0
-9.31818181818181 21.9545454545454 0
-30.3181818181818 0.954545454545439 0
-50.3181818181818 -30.0454545454546 0
-60.3181818181818 -52.0454545454546 0
-20.3181818181818 31.9545454545454 0
-50.3181818181818 21.9545454545454 0
-50.3181818181818 21.9545454545454 0
-30.3181818181818 31.9545454545454 0
-50.3181818181818 -30.0454545454546 0
