57.0454545454546 77.5454545454546 0
11.0454545454546 85.5454545454546 0
23.0454545454546 70.5454545454546 0
7.04545454545456 50.5454545454546 0
-3.95454545454544 31.5454545454546 0
21.0454545454546 34.5454545454546 0
39.0454545454546 -4.45454545454544 0
49.0454545454546 -33.4545454545454 0
55.0454545454546 -54.4545454545454 0
0.045454545454561 28.5454545454546 0
5.04545454545456 -20.4545454545454 0
7.04545454545456 -54.4545454545454 0
4.04545454545456 -95.4545454545454 0
-18.9545454545454 26.5454545454546 0
-19.9545454545454 -16.4545454545454 0
-18.9545454545454 -46.4545454545454 0
-22.9545454545454 -76.4545454545454 0
-36.9545454545454 30.5454545454546 0
-45.9545454545454 5.54545454545456 0
-42.9545454545454 -4.45454545454544 0
-36.9545454545454 -3.45454545454544 0
-30.9545454545454 -31.4545454545454 0
