148.954545454545 -67.2727272727273 0
-16.0454545454545 78.7272727272727 0
4.95454545454547 46.7272727272727 0
4.95454545454547 56.7272727272727 0
4.95454545454547 46.7272727272727 0
-5.04545454545453 26.7272727272727 0
14.9545454545455 -5.27272727272728 0
34.9545454545455 -26.2727272727273 0
45.9545454545455 -57.2727272727273 0
-16.0454545454545 25.7272727272727 0
-5.04545454545453 -15.2727272727273 0
4.95454545454547 -47.2727272727273 0
4.95454545454547 -78.2727272727273 0
-26.0454545454545 15.7272727272727 0
-26.0454545454545 -5.27272727272728 0
-6.04545454545453 -46.2727272727273 0
-6.04545454545453 -57.2727272727273 0
-47.0454545454545 25.7272727272727 0
-47.0454545454545 15.7272727272727 0
-27.0454545454545 25.7272727272727 0
-16.0454545454545 46.7272727272727 0
-26.0454545454545 -5.27272727272728 0
