31.7727272727273 91.6818181818182 0
51.7727272727273 60.6818181818182 0
62.7727272727273 39.6818181818182 0
52.7727272727273 18.6818181818182 0
52.7727272727273 8.68181818181819 0
41.7727272727273 29.6818181818182 0
51.7727272727273 -22.3181818181818 0
51.7727272727273 -54.3181818181818 0
51.7727272727273 -85.3181818181818 0
0.772727272727252 39.6818181818182 0
10.7727272727273 -22.3181818181818 0
0.772727272727252 -54.3181818181818 0
0.772727272727252 -85.3181818181818 0
-20.2272727272727 40.6818181818182 0
-31.2272727272727 -2.31818181818181 0
-41.2272727272727 -33.3181818181818 0
-51.2272727272727 -64.3181818181818 0
-41.2272727272727 50.6818181818182 0
-61.2272727272727 49.6818181818182 0
-82.2272727272727 18.6818181818182 0
-92.2272727272727 -1.31818181818181 0
-41.2272727272727 -23.3181818181818 0
