1.40909090909091 115.545454545455 0
22.4090909090909 94.5454545454546 0
43.4090909090909 63.5454545454546 0
12.4090909090909 42.5454545454546 0
-18.5909090909091 32.5454545454546 0
22.4090909090909 21.5454545454546 0
53.4090909090909 -20.4545454545454 0
74.4090909090909 -40.4545454545454 0
84.4090909090909 -61.4545454545454 0
-8.59090909090909 22.5454545454546 0
12.4090909090909 -30.4545454545454 0
22.4090909090909 -61.4545454545454 0
22.4090909090909 -103.454545454545 0
-29.5909090909091 22.5454545454546 0
-29.5909090909091 -30.4545454545454 0
-38.5909090909091 -62.4545454545454 0
-39.5909090909091 -103.454545454545 0
-59.5909090909091 32.5454545454546 0
-49.5909090909091 10.5454545454546 0
-38.5909090909091 11.5454545454546 0
-19.5909090909091 32.5454545454546 0
-39.5909090909091 11.5454545454546 0
