-9.09090909090909 111.727272727273 0
1.90909090909091 101.727272727273 0
11.9090909090909 80.7272727272727 0
1.90909090909091 59.7272727272727 0
-19.0909090909091 38.7272727272727 0
21.9090909090909 28.7272727272727 0
32.9090909090909 -3.27272727272725 0
42.9090909090909 -34.2727272727273 0
42.9090909090909 -65.2727272727273 0
1.90909090909091 28.7272727272727 0
10.9090909090909 -13.2727272727273 0
10.9090909090909 -44.2727272727273 0
1.90909090909091 -76.2727272727273 0
-9.09090909090909 27.7272727272727 0
-9.09090909090909 -13.2727272727273 0
0.909090909090907 -45.2727272727273 0
0.909090909090907 -75.2727272727273 0
-19.0909090909091 28.7272727272727 0
-29.0909090909091 -13.2727272727273 0
-30.0909090909091 -34.2727272727273 0
-40.0909090909091 -65.2727272727273 0
-19.0909090909091 -23.2727272727273 0
