-15.2272727272727 117.681818181818 0
15.7727272727273 86.6818181818182 0
26.7727272727273 64.6818181818182 0
15.7727272727273 43.6818181818182 0
25.7727272727273 12.6818181818182 0
15.7727272727273 22.6818181818182 0
36.7727272727273 -28.3181818181818 0
46.7727272727273 -50.3181818181818 0
46.7727272727273 -81.3181818181818 0
-5.22727272727272 23.6818181818182 0
-4.22727272727272 -29.3181818181818 0
-15.2272727272727 -60.3181818181818 0
-15.2272727272727 -92.3181818181818 0
-25.2272727272727 33.6818181818182 0
-25.2272727272727 -18.3181818181818 0
-25.2272727272727 -39.3181818181818 0
-25.2272727272727 -70.3181818181818 0
-35.2272727272727 44.6818181818182 0
-25.2272727272727 23.6818181818182 0
-5.22727272727272 12.6818181818182 0
16.7727272727273 12.6818181818182 0
-25.2272727272727 -29.3181818181818 0
