31.0454545454546 87.6363636363636 0
41.0454545454546 87.6363636363636 0
-19.9545454545454 77.6363636363636 0
-30.9545454545454 66.6363636363636 0
10.0454545454546 77.6363636363636 0
62.0454545454546 45.6363636363636 0
52.0454545454546 35.6363636363636 0
31.0454545454546 35.6363636363636 0
10.0454545454546 56.6363636363636 0
31.0454545454546 24.6363636363636 0
31.0454545454546 -16.3636363636364 0
21.0454545454546 -16.3636363636364 0
0.045454545454561 -121.363636363636 0
10.0454545454546 14.6363636363636 0
-20.9545454545454 -27.3636363636364 0
-40.9545454545454 -58.3636363636364 0
-51.9545454545454 -99.3636363636364 0
-9.95454545454544 3.63636363636363 0
-20.9545454545454 -37.3636363636364 0
-41.9545454545454 -68.3636363636364 0
-51.9545454545454 -110.363636363636 0
-40.9545454545454 -58.3636363636364 0
