-37.5454545454545 101.409090909091
-16.5454545454545 100.409090909091
4.45454545454547 79.4090909090909
-6.54545454545453 48.4090909090909
-26.5454545454545 27.4090909090909
14.4545454545455 27.4090909090909
45.4545454545455 -3.59090909090909
66.4545454545455 -24.5909090909091
76.4545454545455 -55.5909090909091
-5.54545454545453 17.4090909090909
14.4545454545455 -24.5909090909091
25.4545454545455 -56.5909090909091
35.4545454545455 -87.5909090909091
-26.5454545454545 16.4090909090909
-15.5454545454545 -24.5909090909091
3.45454545454547 -55.5909090909091
4.45454545454547 -77.5909090909091
-46.5454545454545 7.40909090909091
-47.5454545454545 6.40909090909091
-37.5454545454545 6.40909090909091
-27.5454545454545 27.4090909090909
3.45454545454547 -55.5909090909091
