44.844761904762 105.558095238095 0
9.56476190476195 95.5980952380953 0
-21.0552380952381 61.7780952380953 0
-33.755238095238 29.0780952380953 0
-21.175238095238 2.7380952380953 0
-1.63523809523804 8.52809523809532 0
-20.575238095238 -34.3319047619047 0
-32.725238095238 -63.2719047619047 0
-40.175238095238 -84.6019047619047 0
18.144761904762 3.80809523809529 0
3.56476190476195 -49.2019047619047 0
-18.725238095238 -72.2819047619047 0
-35.315238095238 -88.8519047619047 0
38.234761904762 6.9180952380953 0
8.62476190476195 -33.9719047619047 0
-2.28523809523801 0.0580952380952908 0
-0.95523809523803 27.0780952380953 0
56.604761904762 18.3380952380953 0
18.784761904762 -3.5819047619047 0
11.624761904762 23.6680952380953 0
18.384761904762 46.9480952380953 0
