3.52523809523802 108.938571428571 0
-23.484761904762 90.6985714285715 0
-33.154761904762 53.1785714285715 0
-21.5147619047619 20.3485714285715 0
-0.774761904761988 -5.99142857142846 0
-29.864761904762 9.33857142857153 0
-21.774761904762 -33.7114285714285 0
-13.1947619047619 -63.7014285714285 0
-3.52476190476199 -89.1214285714285 0
-7.30476190476196 7.53857142857152 0
-15.3847619047619 -38.7914285714285 0
-15.604761904762 -66.5314285714285 0
-14.024761904762 -89.0014285714285 0
14.975238095238 15.7985714285715 0
17.535238095238 -19.3314285714285 0
13.635238095238 8.37857142857149 0
9.20523809523803 33.6685714285715 0
38.315238095238 27.9585714285715 0
44.945238095238 -1.60142857142847 0
35.065238095238 8.82857142857154 0
22.405238095238 23.1085714285715 0
