14.5252380952382 88.0685714285714
-20.4947619047618 77.4685714285714
-48.5547619047618 46.5185714285714
-47.4447619047618 21.9485714285714
-26.4147619047618 4.58857142857136
-23.3647619047618 -11.6114285714286
-30.4347619047618 -51.1314285714286
-33.6347619047618 -74.3614285714286
-35.4247619047618 -93.3014285714286
13.4952380952382 -14.3414285714287
10.4952380952382 -68.3214285714286
-3.14476190476182 -92.7614285714286
-18.3747619047618 -108.801428571429
47.2552380952382 -0.451428571428607
31.7152380952382 -18.8214285714286
7.00523809523816 26.7785714285714
-9.80476190476179 60.7985714285714
76.5352380952382 25.4085714285713
55.8952380952382 34.9585714285714
29.2952380952382 63.4685714285714
10.8752380952382 83.8985714285714
