30.8490476190476 117.535714285714 0
-11.3709523809524 115.495714285714 0
-45.6909523809524 84.5957142857142 0
-36.3409523809524 51.8857142857142 0
-8.69095238095235 26.2657142857142 0
-33.9709523809524 -0.574285714285793 0
-40.6909523809524 -52.7042857142858 0
-42.8709523809524 -88.4342857142858 0
-43.9809523809524 -121.174285714286 0
0.0790476190476284 -8.00428571428574 0
-8.05095238095237 -70.7742857142858 0
-14.2109523809524 -111.564285714286 0
-21.0709523809523 -149.634285714286 0
34.4590476190476 1.37571428571425 0
22.9190476190476 -30.2642857142858 0
15.5490476190477 18.2357142857142 0
11.6590476190476 52.8357142857142 0
66.3890476190476 22.5657142857143 0
53.6490476190476 13.5857142857142 0
40.2690476190476 50.5757142857142 0
31.1190476190476 78.1757142857142 0
