50.4009523809524 97.0838095238095 0
8.73095238095237 95.4438095238095 0
-27.5090476190476 72.2138095238095 0
-25.5190476190476 39.7538095238095 0
3.62095238095236 25.5638095238095 0
-21.9890476190477 13.8038095238095 0
-32.6490476190476 -21.9861904761905 0
-35.1490476190476 -45.3861904761905 0
-36.7990476190477 -67.4161904761905 0
-1.26904761904763 2.74380952380952 0
-20.5290476190476 -35.6961904761905 0
-31.5090476190476 -56.1861904761905 0
-39.5990476190476 -73.0261904761905 0
23.2109523809524 1.8538095238095 0
10.0609523809524 -37.1661904761905 0
6.86095238095237 -17.8961904761905 0
7.09095238095239 4.06380952380951 0
52.3209523809523 7.55380952380952 0
42.8609523809524 -19.7961904761905 0
35.5709523809523 -3.49619047619049 0
31.7909523809524 17.9738095238095 0
