173.136363636364 56.4090909090909 0
173.136363636364 3.40909090909093 0
-33.8636363636364 -6.59090909090907 0
-12.8636363636364 -6.59090909090907 0
7.13636363636363 -6.59090909090907 0
-33.8636363636364 -27.5909090909091 0
-12.8636363636364 -48.5909090909091 0
7.13636363636363 -68.5909090909091 0
28.1363636363636 -79.5909090909091 0
-43.8636363636364 -17.5909090909091 0
-2.86363636363637 -6.59090909090907 0
-2.86363636363637 4.40909090909093 0
-22.8636363636364 14.4090909090909 0
-44.8636363636364 -6.59090909090907 0
-2.86363636363637 14.4090909090909 0
-12.8636363636364 24.4090909090909 0
-23.8636363636364 24.4090909090909 0
-44.8636363636364 14.4090909090909 0
-22.8636363636364 24.4090909090909 0
-23.8636363636364 35.4090909090909 0
-33.8636363636364 34.4090909090909 0
-12.8636363636364 24.4090909090909 0
