-9.63636363636363 25.3181818181818 0
-7.63636363636363 9.31818181818181 0
11.3636363636364 7.31818181818181 0
24.3636363636364 0.318181818181813 0
19.3636363636364 -31.6818181818182 0
-4.63636363636363 -20.6818181818182 0
26.3636363636364 -22.6818181818182 0
46.3636363636364 -36.6818181818182 0
63.3636363636364 -40.6818181818182 0
-12.6363636363636 -13.6818181818182 0
11.3636363636364 3.31818181818181 0
4.36363636363637 6.31818181818181 0
-10.6363636363636 6.31818181818181 0
-19.6363636363636 -1.68181818181819 0
3.36363636363637 16.3181818181818 0
-10.6363636363636 17.3181818181818 0
-23.6363636363636 14.3181818181818 0
-28.6363636363636 16.3181818181818 0
-13.6363636363636 22.3181818181818 0
-20.6363636363636 16.3181818181818 0
-36.6363636363636 6.31818181818181 0
-11.6363636363636 0.318181818181813 0
