-98.5909090909091 0.0909090909090651 0
-67.5909090909091 0.0909090909090651 0
24.4090909090909 10.0909090909091 0
65.4090909090909 31.0909090909091 0
34.4090909090909 10.0909090909091 0
14.4090909090909 -30.9090909090909 0
56.4090909090909 -30.9090909090909 0
86.4090909090909 -30.9090909090909 0
117.409090909091 -30.9090909090909 0
-5.59090909090907 -31.9090909090909 0
25.4090909090909 10.0909090909091 0
14.4090909090909 21.0909090909091 0
-5.59090909090907 11.0909090909091 0
-26.5909090909091 -30.9090909090909 0
-5.59090909090907 10.0909090909091 0
-16.5909090909091 21.0909090909091 0
-26.5909090909091 10.0909090909091 0
-47.5909090909091 -20.9090909090909 0
-26.5909090909091 20.0909090909091 0
-37.5909090909091 21.0909090909091 0
-47.5909090909091 10.0909090909091 0
-26.5909090909091 21.0909090909091 0
