162.772727272727 -7.13636363636363 0
48.7727272727273 54.8636363636364 0
79.7727272727273 85.8636363636364 0
17.7727272727273 75.8636363636364 0
-65.2272727272727 -112.136363636364 0
17.7727272727273 44.8636363636364 0
-2.22727272727275 54.8636363636364 0
-3.22727272727275 54.8636363636364 0
-13.2272727272727 44.8636363636364 0
27.7727272727273 13.8636363636364 0
-23.2272727272727 23.8636363636364 0
-33.2272727272727 23.8636363636364 0
-24.2272727272727 23.8636363636364 0
27.7727272727273 -8.13636363636363 0
-23.2272727272727 -7.13636363636363 0
-34.2272727272727 -7.13636363636363 0
-44.2272727272727 2.86363636363637 0
17.7727272727273 -28.1363636363636 0
-13.2272727272727 -60.1363636363636 0
-33.2272727272727 -81.1363636363636 0
-54.2272727272727 -112.136363636364 0
-33.2272727272727 -81.1363636363636 0
