-95.1363636363636 3.90909090909093 0
-73.1363636363636 4.90909090909093 0
22.8636363636364 8.90909090909093 0
69.8636363636364 31.9090909090909 0
37.8636363636364 4.90909090909093 0
18.8636363636364 -24.0909090909091 0
60.8636363636364 -29.0909090909091 0
90.8636363636364 -36.0909090909091 0
115.863636363636 -30.0909090909091 0
-6.13636363636363 -38.0909090909091 0
19.8636363636364 7.90909090909093 0
16.8636363636364 15.9090909090909 0
-4.13636363636363 17.9090909090909 0
-26.1363636363636 -31.0909090909091 0
-3.13636363636363 17.9090909090909 0
-23.1363636363636 17.9090909090909 0
-32.1363636363636 8.90909090909093 0
-55.1363636363636 -15.0909090909091 0
-25.1363636363636 14.9090909090909 0
-40.1363636363636 17.9090909090909 0
-46.1363636363636 9.90909090909093 0
-24.1363636363636 19.9090909090909 0
