-36.4090909090909 78.7272727272727
-5.40909090909091 47.7272727272727
15.5909090909091 27.7272727272727
35.5909090909091 6.72727272727275
35.5909090909091 -15.2727272727273
-5.40909090909091 -14.2727272727273
4.59090909090909 -25.2727272727273
14.5909090909091 -14.2727272727273
14.5909090909091 -4.27272727272725
-16.4090909090909 -4.27272727272725
4.59090909090909 -25.2727272727273
4.59090909090909 -15.2727272727273
4.59090909090909 -14.2727272727273
-36.4090909090909 -4.27272727272725
4.59090909090909 -15.2727272727273
4.59090909090909 -4.27272727272725
4.59090909090909 -4.27272727272725
-36.4090909090909 6.72727272727275
-5.40909090909091 -4.27272727272725
-5.40909090909091 5.72727272727275
-5.40909090909091 16.7272727272727
4.59090909090909 -25.2727272727273
