-83.8181818181818 13 0
-52.8181818181818 3 0
-22.8181818181818 -18 0
8.18181818181819 -18 0
30.1818181818182 2 0
-1.81818181818181 -39 0
40.1818181818182 -50 0
70.1818181818182 -50 0
92.1818181818182 -50 0
-1.81818181818181 -19 0
29.1818181818182 -8 0
9.18181818181819 3 0
-10.8181818181818 2 0
-11.8181818181818 2 0
19.1818181818182 23 0
-1.81818181818181 23 0
-21.8181818181818 13 0
-21.8181818181818 23 0
-11.8181818181818 44 0
-21.8181818181818 44 0
-31.8181818181818 34 0
-1.81818181818181 23 0
