-93.9545454545454 5.22727272727275
-66.9545454545454 2.22727272727275
25.0454545454546 16.2272727272727
61.0454545454546 28.2272727272727
36.0454545454546 11.2272727272727
11.0454545454546 -30.7727272727273
55.0454545454546 -34.7727272727273
89.0454545454546 -23.7727272727273
110.045454545455 -33.7727272727273
-5.95454545454544 -29.7727272727273
22.0454545454546 15.2272727272727
18.0454545454546 14.2272727272727
-8.95454545454544 13.2272727272727
-24.9545454545454 -33.7727272727273
-3.95454545454544 12.2272727272727
-9.95454545454544 13.2272727272727
-20.9545454545454 10.2272727272727
-48.9545454545454 -19.7727272727273
-20.9545454545454 25.2272727272727
-41.9545454545454 20.2272727272727
-51.9545454545454 4.22727272727275
-27.9545454545454 15.2272727272727
