-127.727272727273 29 0
-95.7272727272727 -33 0
-24.7272727272727 -44 0
17.2727272727273 -54 0
48.2727272727273 -23 0
-23.7272727272727 -54 0
48.2727272727273 -64 0
99.2727272727273 -54 0
131.272727272727 -54 0
-23.7272727272727 -12 0
38.2727272727273 -2 0
17.2727272727273 -2 0
-13.7272727272727 -12 0
-23.7272727272727 29 0
27.2727272727273 30 0
-2.72727272727275 29 0
-23.7272727272727 19 0
-24.7272727272727 61 0
-2.72727272727275 61 0
-13.7272727272727 60 0
-33.7272727272727 60 0
7.27272727272725 30 0
