-96.7272727272727 -0.454545454545439 0
-71.7272727272727 -1.45454545454544 0
18.2727272727273 6.54545454545456 0
71.2727272727273 29.5454545454546 0
40.2727272727273 10.5454545454546 0
12.2727272727273 -23.4545454545454 0
61.2727272727273 -22.4545454545454 0
88.2727272727273 -37.4545454545454 0
120.272727272727 -25.4545454545454 0
-2.72727272727275 -26.4545454545454 0
27.2727272727273 16.5454545454546 0
8.27272727272725 17.5454545454546 0
-5.72727272727275 9.54545454545456 0
-22.7272727272727 -30.4545454545454 0
-6.72727272727275 13.5454545454546 0
-20.7272727272727 18.5454545454546 0
-24.7272727272727 9.54545454545456 0
-42.7272727272727 -23.4545454545454 0
-32.7272727272727 14.5454545454546 0
-44.7272727272727 20.5454545454546 0
-45.7272727272727 6.54545454545456 0
-29.7272727272727 17.5454545454546 0
