13.5214285714287 85.9480952380953
-13.9885714285713 70.1980952380953
-27.0185714285713 46.9180952380952
-18.3785714285713 18.9180952380953
-2.32857142857131 -1.17190476190473
-28.1785714285713 7.02809523809526
-36.1185714285713 -23.2619047619047
-38.2985714285713 -42.7119047619047
-39.3085714285713 -59.4519047619047
-4.73857142857133 1.60809523809527
-1.4585714285713 -32.5819047619047
-0.208571428571304 -52.0119047619047
-0.0385714285713448 -67.5719047619047
15.4914285714287 5.90809523809526
22.2914285714287 -24.1119047619047
18.5014285714287 -4.74190476190472
15.8314285714287 15.2580952380953
34.2414285714287 16.6980952380953
36.7014285714287 -1.83190476190472
29.8514285714287 12.0280952380953
23.6314285714287 28.9380952380953
