12.2057142857143 112.509523809524 0
-22.8542857142857 91.4395238095238 0
-35.1442857142857 49.0095238095238 0
-13.8342857142857 13.6895238095238 0
15.1057142857143 -1.35047619047617 0
-33.5942857142857 -5.36047619047616 0
-46.4142857142857 -42.2804761904762 0
-49.9642857142857 -69.9004761904762 0
-55.3542857142857 -84.2304761904762 0
-1.47428571428571 -7.87047619047615 0
12.9957142857143 -58.1504761904762 0
6.96571428571428 -82.1404761904762 0
-3.83428571428573 -87.6904761904761 0
25.4857142857143 4.76952380952383 0
31.4657142857143 -20.3404761904762 0
14.2357142857143 11.2795238095238 0
1.7657142857143 37.3195238095238 0
48.9057142857142 27.2695238095238 0
46.3657142857143 15.7395238095239 0
29.8957142857143 38.4495238095238 0
17.0757142857143 57.8395238095238 0
