22.5795238095237 91.0995238095239 0
-6.23047619047628 82.2795238095239 0
-29.4004761904763 52.4295238095239 0
-39.4804761904763 24.4595238095239 0
-39.6804761904763 -1.46047619047613 0
-18.0304761904763 4.10952380952386 0
-33.8204761904763 -28.7404761904761 0
-43.4104761904763 -50.9104761904761 0
-50.9504761904763 -71.3704761904761 0
8.19952380952373 -0.450476190476138 0
10.8295238095237 -43.2804761904762 0
2.23952380952375 -67.5104761904761 0
-5.30047619047627 -87.5004761904761 0
32.4395238095237 6.47952380952387 0
28.0895238095237 -24.6404761904761 0
12.8195238095237 0.109523809523864 0
5.06952380952373 19.9695238095238 0
54.4495238095237 21.2395238095239 0
41.5495238095237 4.34952380952387 0
27.2595238095237 25.3295238095238 0
20.7795238095237 44.0095238095238 0
