17.887619047619 103.28 0
-21.642380952381 85.94 0
-51.8423809523809 53.9299999999999 0
-72.322380952381 29.09 0
-87.432380952381 11.11 0
-21.712380952381 -12.86 0
-28.832380952381 -51.7 0
-35.392380952381 -71.08 0
-44.372380952381 -75.05 0
11.677619047619 -12.56 0
17.827619047619 -61.2 0
7.03761904761905 -77.62 0
-5.74238095238098 -76.66 0
41.077619047619 2.01999999999998 0
39.4676190476191 -29.7 0
22.757619047619 3.13999999999999 0
10.597619047619 33.15 0
67.937619047619 26.22 0
60.7676190476191 19.12 0
42.437619047619 41.51 0
29.817619047619 59.92 0
