29.4995238095238 152.842380952381 0
-24.2304761904762 147.892380952381 0
-62.0504761904762 86.932380952381 0
-37.0004761904762 30.9223809523809 0
7.8695238095238 -15.6076190476191 0
-47.8104761904762 -6.12761904761905 0
-62.7204761904762 -67.2276190476191 0
-80.5304761904762 -104.587619047619 0
-94.3004761904762 -131.147619047619 0
7.90952380952376 -14.0476190476191 0
14.0195238095238 -93.1676190476191 0
3.28952380952376 -134.797619047619 0
-2.99047619047622 -174.777619047619 0
57.9195238095238 0.212380952380954 0
42.4895238095238 -35.8676190476191 0
14.0995238095238 24.3823809523809 0
5.6795238095238 61.3823809523809 0
101.979523809524 25.212380952381 0
64.4495238095238 31.4723809523809 0
35.8195238095238 89.672380952381 0
26.6095238095238 126.432380952381 0
