26.1457142857143 85.0047619047619 0
0.905714285714282 85.0847619047619 0
-18.6742857142857 67.4547619047619 0
-16.2242857142857 42.6247619047619 0
-2.91428571428571 21.4947619047619 0
-29.2142857142857 11.6847619047619 0
-45.4342857142857 -21.8452380952381 0
-53.5242857142857 -45.1752380952381 0
-58.5542857142857 -66.8652380952381 0
-4.51428571428573 1.36476190476191 0
-9.27428571428572 -38.6052380952381 0
-11.0342857142857 -62.9752380952381 0
-12.7742857142857 -84.7452380952381 0
21.1957142857143 4.1547619047619 0
20.6457142857143 -33.7252380952381 0
16.9357142857143 -15.3352380952381 0
14.2457142857143 3.1847619047619 0
47.1557142857143 16.0347619047619 0
46.4557142857142 -4.99523809523809 0
38.0857142857142 9.25476190476192 0
30.3657142857143 26.9247619047619 0
