-38.8636363636364 75.3181818181818
-7.86363636363637 54.3181818181818
23.1363636363636 34.3181818181818
43.1363636363636 3.31818181818181
33.1363636363636 -18.6818181818182
22.1363636363636 12.3181818181818
22.1363636363636 -28.6818181818182
22.1363636363636 -8.68181818181819
22.1363636363636 2.31818181818181
12.1363636363636 -8.68181818181819
2.13636363636363 -28.6818181818182
12.1363636363636 2.31818181818181
12.1363636363636 13.3181818181818
-18.8636363636364 -39.6818181818182
-18.8636363636364 -28.6818181818182
-8.86363636363637 2.31818181818181
-7.86363636363637 23.3181818181818
-39.8636363636364 -39.6818181818182
-28.8636363636364 -28.6818181818182
-18.8636363636364 2.31818181818181
-18.8636363636364 13.3181818181818
