-31.2727272727273 124.454545454545
-0.27272727272728 104.454545454545
30.7272727272727 62.4545454545454
30.7272727272727 21.4545454545454
20.7272727272727 -10.5454545454546
31.7272727272727 20.4545454545454
51.7272727272727 -10.5454545454546
41.7272727272727 -0.545454545454561
41.7272727272727 0.454545454545439
10.7272727272727 0.454545454545439
20.7272727272727 -30.5454545454546
19.7272727272727 -10.5454545454546
9.72727272727272 -0.545454545454561
-20.2727272727273 -0.545454545454561
-10.2727272727273 -31.5454545454546
-10.2727272727273 0.454545454545439
-10.2727272727273 20.4545454545454
-41.2727272727273 0.454545454545439
-41.2727272727273 -41.5454545454546
-51.2727272727273 -62.5454545454546
-51.2727272727273 -93.5454545454546
