-52.3636363636364 177.727272727273
25.6363636363636 115.727272727273
72.6363636363636 37.7272727272727
103.636363636364 -9.27272727272725
87.6363636363636 -72.2727272727273
57.6363636363636 -25.2727272727273
56.6363636363636 -56.2727272727273
56.6363636363636 6.72727272727275
56.6363636363636 68.7272727272727
-21.3636363636364 -24.2727272727273
10.6363636363636 -40.2727272727273
9.63636363636363 37.7272727272727
25.6363636363636 84.7272727272727
-53.3636363636364 -24.2727272727273
-21.3636363636364 -40.2727272727273
-21.3636363636364 37.7272727272727
-20.3636363636364 99.7272727272727
-99.3636363636364 -24.2727272727273
-99.3636363636364 -87.2727272727273
-84.3636363636364 -134.272727272727
-68.3636363636364 -166.272727272727
