-41.7272727272727 78.8181818181818
-1.72727272727275 68.8181818181818
20.2727272727273 58.8181818181818
40.2727272727273 37.8181818181818
50.2727272727273 26.8181818181818
20.2727272727273 16.8181818181818
40.2727272727273 -4.18181818181819
40.2727272727273 16.8181818181818
20.2727272727273 37.8181818181818
-0.727272727272748 -4.18181818181819
19.2727272727273 -15.1818181818182
9.27272727272725 16.8181818181818
-0.727272727272748 37.8181818181818
-21.7272727272727 -4.18181818181819
-10.7272727272727 -35.1818181818182
-1.72727272727275 -35.1818181818182
9.27272727272725 -25.1818181818182
-42.7272727272727 -5.18181818181819
-41.7272727272727 -46.1818181818182
-32.7272727272727 -67.1818181818182
-31.7272727272727 -88.1818181818182
