72.2727272727273 -85.3636363636364
31.2727272727273 -22.3636363636364
93.2727272727273 -54.3636363636364
72.2727272727273 -11.3636363636364
72.2727272727273 -1.36363636363637
30.2727272727273 -11.3636363636364
10.2727272727273 30.6363636363636
0.272727272727252 50.6363636363636
-72.7272727272727 -43.3636363636364
10.2727272727273 18.6363636363636
0.272727272727252 39.6363636363636
-10.7272727272727 40.6363636363636
-9.72727272727275 8.63636363636363
10.2727272727273 9.63636363636363
-40.7272727272727 19.6363636363636
-20.7272727272727 40.6363636363636
-0.727272727272748 -1.36363636363637
20.2727272727273 8.63636363636363
-81.7272727272727 8.63636363636363
-82.7272727272727 -11.3636363636364
-72.7272727272727 -53.3636363636364
