-20.6363636363636 83.4545454545454
10.3636363636364 72.4545454545454
40.3636363636364 41.4545454545454
51.3636363636364 10.4545454545454
30.3636363636364 -20.5454545454546
30.3636363636364 9.45454545454544
9.36363636363637 -20.5454545454546
9.36363636363637 -20.5454545454546
-10.6363636363636 -62.5454545454546
9.36363636363637 -10.5454545454546
-0.636363636363626 -20.5454545454546
-10.6363636363636 -20.5454545454546
-10.6363636363636 20.4545454545454
-11.6363636363636 0.454545454545439
-10.6363636363636 -20.5454545454546
-10.6363636363636 -0.545454545454561
-10.6363636363636 10.4545454545454
-21.6363636363636 -10.5454545454546
-20.6363636363636 -20.5454545454546
-20.6363636363636 -10.5454545454546
-20.6363636363636 10.4545454545454
