250.136363636364 14.7727272727273
219.136363636364 14.7727272727273
13.1363636363636 35.7727272727273
33.1363636363636 -5.22727272727275
13.1363636363636 -47.2272727272727
3.13636363636363 -5.22727272727275
13.1363636363636 -47.2272727272727
-6.86363636363637 14.7727272727273
-7.86363636363637 46.7727272727273
-17.8636363636364 -16.2272727272727
-7.86363636363637 -36.2272727272727
-6.86363636363637 14.7727272727273
-17.8636363636364 46.7727272727273
-48.8636363636364 -27.2272727272727
-27.8636363636364 -36.2272727272727
-37.8636363636364 14.7727272727273
-48.8636363636364 56.7727272727273
-69.8636363636364 -37.2272727272727
-58.8636363636364 -47.2272727272727
-58.8636363636364 4.77272727272725
-69.8636363636364 35.7727272727273
