-84.4090909090909 101.045454545455
60.5909090909091 28.0454545454545
90.5909090909091 -65.9545454545455
90.5909090909091 -24.9545454545455
70.5909090909091 -12.9545454545455
59.5909090909091 39.0454545454545
60.5909090909091 -65.9545454545455
70.5909090909091 -23.9545454545455
80.5909090909091 -13.9545454545455
18.5909090909091 -2.95454545454547
-1.40909090909093 -13.9545454545455
8.59090909090907 -13.9545454545455
28.5909090909091 -23.9545454545455
-63.4090909090909 28.0454545454545
-53.4090909090909 17.0454545454545
-33.4090909090909 28.0454545454545
-22.4090909090909 49.0454545454545
-94.4090909090909 28.0454545454545
-84.4090909090909 7.04545454545453
-74.4090909090909 -13.9545454545455
-53.4090909090909 -34.9545454545455
