-1.63636363636363 -246.318181818182
-43.6363636363636 56.6818181818182
-43.6363636363636 34.6818181818182
8.36363636363637 13.6818181818182
18.3636363636364 -37.3181818181818
-32.6363636363636 35.6818181818182
-2.63636363636363 24.6818181818182
28.3636363636364 3.68181818181819
-2.63636363636363 -38.3181818181818
-22.6363636363636 24.6818181818182
-2.63636363636363 14.6818181818182
28.3636363636364 13.6818181818182
69.3636363636364 24.6818181818182
-22.6363636363636 34.6818181818182
-2.63636363636363 14.6818181818182
38.3636363636364 14.6818181818182
70.3636363636364 24.6818181818182
-53.6363636363636 34.6818181818182
-12.6363636363636 14.6818181818182
-12.6363636363636 13.6818181818182
-2.63636363636363 -38.3181818181818
