-3.90909090909093 113.136363636364
-23.9090909090909 62.1363636363636
27.0909090909091 30.1363636363636
48.0909090909091 20.1363636363636
38.0909090909091 -0.863636363636374
-2.90909090909093 -11.8636363636364
7.09090909090907 9.13636363636363
-22.9090909090909 -31.8636363636364
-13.9090909090909 -63.8636363636364
-2.90909090909093 -21.8636363636364
-33.9090909090909 20.1363636363636
-23.9090909090909 -21.8636363636364
-12.9090909090909 -62.8636363636364
-13.9090909090909 -42.8636363636364
-34.9090909090909 30.1363636363636
-23.9090909090909 -11.8636363636364
-13.9090909090909 -63.8636363636364
-54.9090909090909 51.1363636363636
7.09090909090907 -0.863636363636374
59.0909090909091 20.1363636363636
48.0909090909091 -10.8636363636364
