-8.72727272727272 137.227272727273
12.2727272727273 106.227272727273
42.2727272727273 64.2272727272727
53.2727272727273 33.2272727272727
84.2727272727273 12.2272727272727
2.27272727272728 33.2272727272727
33.2727272727273 1.22727272727272
64.2727272727273 12.2272727272727
84.2727272727273 13.2272727272727
-18.7272727272727 23.2272727272727
1.27272727272728 -29.7727272727273
22.2727272727273 -60.7727272727273
43.2727272727273 -91.7727272727273
-39.7272727272727 23.2272727272727
-38.7272727272727 -29.7727272727273
-18.7272727272727 -60.7727272727273
-7.72727272727272 -91.7727272727273
-59.7272727272727 33.2272727272727
-69.7272727272727 -7.77272727272728
-60.7272727272727 -29.7727272727273
-59.7272727272727 -60.7727272727273
