-61.3181818181818 253.272727272727
16.6818181818182 176.272727272727
63.6818181818182 112.272727272727
79.6818181818182 50.2727272727273
126.681818181818 51.2727272727273
32.6818181818182 50.2727272727273
64.6818181818182 -11.7272727272727
110.681818181818 4.27272727272725
126.681818181818 66.2727272727273
0.681818181818187 50.2727272727273
16.6818181818182 -43.7272727272727
63.6818181818182 -106.727272727273
79.6818181818182 -168.727272727273
-45.3181818181818 50.2727272727273
-45.3181818181818 -58.7272727272727
-30.3181818181818 -120.727272727273
-29.3181818181818 -168.727272727273
-92.3181818181818 66.2727272727273
-107.318181818182 -12.7272727272727
-123.318181818182 -73.7272727272727
-124.318181818182 -105.727272727273
