-40.3636363636364 146.545454545455
-8.36363636363637 52.5454545454545
-9.36363636363637 73.5454545454545
1.63636363636363 42.5454545454545
11.6363636363636 31.5454545454545
-9.36363636363637 42.5454545454545
11.6363636363636 41.5454545454545
11.6363636363636 41.5454545454545
21.6363636363636 -72.4545454545455
-9.36363636363637 31.5454545454545
-8.36363636363637 -20.4545454545455
21.6363636363636 -41.4545454545455
32.6363636363636 -72.4545454545455
-19.3636363636364 21.5454545454545
-8.36363636363637 -20.4545454545455
11.6363636363636 -51.4545454545455
32.6363636363636 -72.4545454545455
-19.3636363636364 20.5454545454545
-9.36363636363637 -30.4545454545455
-8.36363636363637 -51.4545454545455
1.63636363636363 -72.4545454545455
