-50.5454545454546 125.636363636364
-10.5454545454546 105.636363636364
11.4545454545454 83.6363636363636
51.4545454545454 53.6363636363636
72.4545454545454 42.6363636363636
-9.54545454545456 32.6363636363636
10.4545454545454 -19.3636363636364
41.4545454545454 -41.3636363636364
62.4545454545454 -62.3636363636364
-20.5454545454546 31.6363636363636
-9.54545454545456 -29.3636363636364
10.4545454545454 -51.3636363636364
31.4545454545454 -72.3636363636364
-30.5454545454546 31.6363636363636
-30.5454545454546 -19.3636363636364
-9.54545454545456 -51.3636363636364
31.4545454545454 -71.3636363636364
-30.5454545454546 32.6363636363636
-40.5454545454546 -9.36363636363637
-30.5454545454546 -30.3636363636364
-19.5454545454546 -51.3636363636364
