-14.6818181818182 127.181818181818
16.3181818181818 95.1818181818182
37.3181818181818 65.1818181818182
68.3181818181818 64.1818181818182
88.3181818181818 33.1818181818182
16.3181818181818 23.1818181818182
26.3181818181818 2.18181818181819
57.3181818181818 12.1818181818182
77.3181818181818 23.1818181818182
-14.6818181818182 23.1818181818182
-4.68181818181819 -28.8181818181818
15.3181818181818 -60.8181818181818
26.3181818181818 -81.8181818181818
-35.6818181818182 22.1818181818182
-35.6818181818182 -29.8181818181818
-25.6818181818182 -60.8181818181818
-25.6818181818182 -92.8181818181818
-45.6818181818182 23.1818181818182
-56.6818181818182 -8.81818181818181
-56.6818181818182 -39.8181818181818
-56.6818181818182 -70.8181818181818
