334.863636363636 98.4090909090909
14.8636363636364 119.409090909091
25.8636363636364 77.4090909090909
25.8636363636364 46.4090909090909
86.8636363636364 15.4090909090909
-36.1363636363636 46.4090909090909
24.8636363636364 25.4090909090909
45.8636363636364 4.40909090909091
76.8636363636364 25.4090909090909
-47.1363636363636 36.4090909090909
-36.1363636363636 -26.5909090909091
-16.1363636363636 -68.5909090909091
-6.13636363636363 -119.590909090909
-57.1363636363636 36.4090909090909
-47.1363636363636 -26.5909090909091
-47.1363636363636 -78.5909090909091
-47.1363636363636 -110.590909090909
-67.1363636363636 46.4090909090909
-57.1363636363636 -5.59090909090909
-57.1363636363636 -37.5909090909091
-57.1363636363636 -67.5909090909091
