34.9545454545454 -237.681818181818
13.9545454545454 -165.681818181818
-16.0454545454546 -144.681818181818
-26.0454545454546 -164.681818181818
55.9545454545454 85.3181818181818
24.9545454545454 -112.681818181818
-27.0454545454546 -154.681818181818
35.9545454545454 96.3181818181818
44.9545454545454 127.318181818182
-27.0454545454546 64.3181818181818
13.9545454545454 64.3181818181818
34.9545454545454 95.3181818181818
44.9545454545454 127.318181818182
65.9545454545454 -123.681818181818
-17.0454545454546 44.3181818181818
4.95454545454544 33.3181818181818
35.9545454545454 43.3181818181818
-78.0454545454546 85.3181818181818
-88.0454545454546 75.3181818181818
-78.0454545454546 64.3181818181818
-58.0454545454546 54.3181818181818
