19.7727272727273 177.818181818182
40.7727272727273 115.818181818182
50.7727272727273 63.8181818181818
61.7727272727273 1.81818181818181
92.7727272727273 32.8181818181818
9.77272727272725 43.8181818181818
-21.2272727272727 -19.1818181818182
-1.22727272727275 -61.1818181818182
-31.2272727272727 -103.181818181818
-21.2272727272727 42.8181818181818
-21.2272727272727 -19.1818181818182
-21.2272727272727 -71.1818181818182
-31.2272727272727 -103.181818181818
-21.2272727272727 53.8181818181818
-31.2272727272727 -9.18181818181819
-21.2272727272727 -51.1818181818182
9.77272727272725 -103.181818181818
-31.2272727272727 63.8181818181818
-31.2272727272727 1.81818181818181
61.7727272727273 1.81818181818181
-31.2272727272727 -40.1818181818182
