5.80380952380955 90.772380952381 0
-23.6761904761905 78.1023809523809 0
-43.7861904761905 53.022380952381 0
-37.3861904761904 27.8623809523809 0
-20.6661904761905 6.27238095238096 0
-36.9961904761905 0.962380952380954 0
-43.4061904761904 -41.9076190476191 0
-45.7961904761905 -67.8576190476191 0
-45.9261904761905 -89.4776190476191 0
-8.17619047619047 -1.80761904761908 0
-5.33619047619044 -21.7676190476191 0
-4.10619047619048 11.8223809523809 0
-5.14619047619044 38.0723809523809 0
18.9638095238095 2.22238095238095 0
26.6838095238095 -21.2576190476191 0
20.3738095238095 5.45238095238091 0
13.6438095238095 28.402380952381 0
43.2838095238096 9.77238095238096 0
57.5138095238096 -16.357619047619 0
64.6338095238096 -36.1876190476191 0
69.5038095238096 -56.1176190476191 0
