23.6561904761905 115.54 0
-9.90380952380946 96.84 0
-28.9938095238095 63.51 0
-20.4438095238095 29.83 0
7.5761904761905 8.20000000000002 0
-42.9538095238095 8.92000000000002 0
-55.9738095238095 -36.76 0
-65.1638095238094 -68.19 0
-68.4538095238095 -95.69 0
-10.7938095238095 6.34999999999999 0
-15.3338095238095 -27.52 0
-12.2838095238095 4.99000000000001 0
-8.11380952380949 29.94 0
20.2861904761905 7.12 0
15.7361904761905 -22.13 0
12.8961904761905 4.03 0
11.6361904761905 22.1 0
47.5361904761905 9.24000000000001 0
60.7761904761905 -27.53 0
67.4161904761905 -52.17 0
70.8961904761905 -76.62 0
