45.6795238095239 101.97619047619 0
10.4995238095239 95.5261904761904 0
-17.6504761904762 67.1061904761904 0
-21.8604761904762 35.2961904761904 0
-9.13047619047614 10.7661904761904 0
-26.3304761904761 14.5061904761904 0
-46.0604761904762 -25.0338095238096 0
-56.6504761904762 -49.7038095238096 0
-64.4504761904761 -71.4338095238096 0
-2.17047619047617 5.61619047619041 0
-18.3304761904761 -31.2538095238096 0
-20.5704761904761 -5.42380952380961 0
-20.2404761904762 19.7861904761904 0
24.4395238095238 3.3761904761904 0
12.5095238095238 -30.6438095238096 0
7.91952380952387 -2.58380952380958 0
7.45952380952383 22.7761904761904 0
51.1895238095238 6.3161904761904 0
51.1595238095238 -31.0438095238096 0
48.0395238095239 -55.8438095238096 0
44.5495238095239 -80.0838095238096 0
