22.4823809523809 115.620476190476 0
-10.7076190476191 103.940476190476 0
-37.4376190476191 67.4604761904762 0
-31.4376190476191 34.0604761904763 0
-5.55761904761908 17.7304761904763 0
-26.0876190476191 7.16047619047629 0
-36.8876190476191 -41.6895238095237 0
-43.6876190476191 -71.8795238095237 0
-48.5976190476191 -97.0495238095237 0
-1.40761904761911 4.37047619047627 0
-13.1676190476191 -27.8895238095237 0
-16.8776190476191 10.3604761904763 0
-15.0876190476191 39.6104761904763 0
24.8523809523809 6.35047619047629 0
18.4823809523809 -30.2095238095237 0
10.0223809523809 -0.719523809523764 0
6.6423809523809 25.7304761904763 0
51.0023809523809 12.0104761904763 0
52.3523809523809 -30.9795238095238 0
50.9223809523809 -59.3995238095237 0
50.1823809523809 -84.5895238095237 0
