1.89571428571429 77.22 0
-24.9942857142858 62.56 0
-35.2542857142857 27.6 0
-19.8542857142857 1.17000000000002 0
3.79571428571427 -11.02 0
-22.7842857142857 -5.90999999999997 0
-26.3142857142857 -36.9 0
-24.5042857142857 -10.39 0
-20.9942857142858 7.56 0
-4.19428571428574 -3.40999999999997 0
-8.50428571428574 -25.87 0
-9.77428571428572 7.50999999999999 0
-8.83428571428573 21.18 0
12.8857142857143 1.44 0
8.43571428571425 -15.75 0
2.50571428571425 11.74 0
0.81571428571425 28.68 0
31.1257142857143 6.92000000000002 0
40.6457142857143 -26.35 0
48.7957142857143 -47.82 0
55.1057142857143 -70.16 0
