55.2804761904761 89.8566666666667 0
11.7704761904761 94.3066666666667 0
-33.9995238095239 72.1866666666667 0
-61.4495238095239 49.4366666666667 0
-81.8495238095239 31.8966666666666 0
-20.3695238095239 11.2366666666667 0
-40.5795238095239 -30.9633333333333 0
-50.7795238095239 -57.8333333333333 0
-59.4695238095239 -80.3633333333333 0
4.08047619047613 2.31666666666666 0
-6.07952380952389 -15.8233333333334 0
1.34047619047612 17.6966666666667 0
6.41047619047612 42.0566666666667 0
29.6404761904761 -4.05333333333334 0
22.5304761904761 -35.5033333333333 0
19.3704761904761 -8.80333333333334 0
15.6204761904761 15.0966666666667 0
55.2904761904761 -6.15333333333334 0
49.8804761904761 -41.2333333333333 0
44.7804761904761 -61.9933333333333 0
38.5804761904761 -83.3633333333333 0
